"GAME_ID","EVENTNUM","EVENTMSGTYPE","EVENTMSGACTIONTYPE","PERIOD","WCTIMESTRING","PCTIMESTRING","HOMEDESCRIPTION","NEUTRALDESCRIPTION","VISITORDESCRIPTION","SCORE","SCOREMARGIN","PERSON1TYPE","PLAYER1_ID","PLAYER1_NAME","PLAYER1_TEAM_ID","PLAYER1_TEAM_CITY","PLAYER1_TEAM_NICKNAME","PLAYER1_TEAM_ABBREVIATION","PERSON2TYPE","PLAYER2_ID","PLAYER2_NAME","PLAYER2_TEAM_ID","PLAYER2_TEAM_CITY","PLAYER2_TEAM_NICKNAME","PLAYER2_TEAM_ABBREVIATION","PERSON3TYPE","PLAYER3_ID","PLAYER3_NAME","PLAYER3_TEAM_ID","PLAYER3_TEAM_CITY","PLAYER3_TEAM_NICKNAME","PLAYER3_TEAM_ABBREVIATION"
"0021500371","0","12","0","1","7:11 PM","12:00",NA,NA,NA,NA,NA,"0","0",NA,NA,NA,NA,NA,"0","0",NA,NA,NA,NA,NA,"0","0",NA,NA,NA,NA,NA
"0021500371","1","10","0","1","7:11 PM","12:00","Jump Ball Mahinmi vs. Pachulia: Tip to Nowitzki",NA,NA,NA,NA,"4","101133","Ian Mahinmi","1610612754","Indiana","Pacers","IND","5","2585","Zaza Pachulia","1610612742","Dallas","Mavericks","DAL","5","1717","Dirk Nowitzki","1610612742","Dallas","Mavericks","DAL"
"0021500371","2","1","1","1","7:11 PM","11:45",NA,NA,"Nowitzki 20' Jump Shot (2 PTS) (Matthews 1 AST)","2 - 0","-2","5","1717","Dirk Nowitzki","1610612742","Dallas","Mavericks","DAL","5","202083","Wesley Matthews","1610612742","Dallas","Mavericks","DAL","0","0",NA,NA,NA,NA,NA
"0021500371","3","2","79","1","7:12 PM","11:31","MISS Ellis 18' Pullup Jump Shot",NA,NA,NA,NA,"4","101145","Monta Ellis","1610612754","Indiana","Pacers","IND","0","0",NA,NA,NA,NA,NA,"0","0",NA,NA,NA,NA,NA
"0021500371","4","4","0","1","7:12 PM","11:31",NA,NA,"Matthews REBOUND (Off:0 Def:1)",NA,NA,"5","202083","Wesley Matthews","1610612742","Dallas","Mavericks","DAL","0","0",NA,NA,NA,NA,NA,"0","0",NA,NA,NA,NA,NA
"0021500371","5","1","44","1","7:12 PM","11:18",NA,NA,"Pachulia 1' Reverse Layup (2 PTS) (D. Williams 1 AST)","4 - 0","-4","5","2585","Zaza Pachulia","1610612742","Dallas","Mavericks","DAL","5","101114","Deron Williams","1610612742","Dallas","Mavericks","DAL","0","0",NA,NA,NA,NA,NA
"0021500371","6","2","63","1","7:12 PM","10:56","MISS George 13' Fadeaway Jumper",NA,NA,NA,NA,"4","202331","Paul George","1610612754","Indiana","Pacers","IND","0","0",NA,NA,NA,NA,NA,"0","0",NA,NA,NA,NA,NA
"0021500371","7","4","0","1","7:12 PM","10:55",NA,NA,"Pachulia REBOUND (Off:0 Def:1)",NA,NA,"5","2585","Zaza Pachulia","1610612742","Dallas","Mavericks","DAL","0","0",NA,NA,NA,NA,NA,"0","0",NA,NA,NA,NA,NA
"0021500371","8","1","1","1","7:12 PM","10:51",NA,NA,"D. Williams 15' Jump Shot (2 PTS)","6 - 0","-6","5","101114","Deron Williams","1610612742","Dallas","Mavericks","DAL","0","0",NA,NA,NA,NA,NA,"0","0",NA,NA,NA,NA,NA
"0021500371","9","6","2","1","7:12 PM","10:51","Ellis S.FOUL (P1.T1) (B.Taylor)",NA,NA,NA,NA,"4","101145","Monta Ellis","1610612754","Indiana","Pacers","IND","5","101114","Deron Williams","1610612742","Dallas","Mavericks","DAL","1","0",NA,NA,NA,NA,NA
"0021500371","10","3","10","1","7:13 PM","10:51",NA,NA,"D. Williams Free Throw 1 of 1 (3 PTS)","7 - 0","-7","5","101114","Deron Williams","1610612742","Dallas","Mavericks","DAL","0","0",NA,NA,NA,NA,NA,"0","0",NA,NA,NA,NA,NA
"0021500371","12","2","1","1","7:13 PM","10:37","MISS George 27' 3PT Jump Shot",NA,NA,NA,NA,"4","202331","Paul George","1610612754","Indiana","Pacers","IND","0","0",NA,NA,NA,NA,NA,"0","0",NA,NA,NA,NA,NA
"0021500371","13","4","0","1","7:13 PM","10:37","PACERS Rebound",NA,NA,NA,NA,"2","1610612754",NA,NA,NA,NA,NA,"0","0",NA,NA,NA,NA,NA,"0","0",NA,NA,NA,NA,NA
"0021500371","14","1","108","1","7:13 PM","10:29","Mahinmi  Cutting Dunk Shot (2 PTS) (George 1 AST)",NA,NA,"7 - 2","-5","4","101133","Ian Mahinmi","1610612754","Indiana","Pacers","IND","4","202331","Paul George","1610612754","Indiana","Pacers","IND","0","0",NA,NA,NA,NA,NA
"0021500371","15","2","1","1","7:14 PM","10:15",NA,NA,"MISS Nowitzki 16' Jump Shot",NA,NA,"5","1717","Dirk Nowitzki","1610612742","Dallas","Mavericks","DAL","0","0",NA,NA,NA,NA,NA,"0","0",NA,NA,NA,NA,NA
"0021500371","16","4","0","1","7:14 PM","10:14","Mahinmi REBOUND (Off:0 Def:1)",NA,NA,NA,NA,"4","101133","Ian Mahinmi","1610612754","Indiana","Pacers","IND","0","0",NA,NA,NA,NA,NA,"0","0",NA,NA,NA,NA,NA
"0021500371","17","2","1","1","7:14 PM","10:08","MISS G. Hill 26' 3PT Jump Shot",NA,NA,NA,NA,"4","201588","George Hill","1610612754","Indiana","Pacers","IND","0","0",NA,NA,NA,NA,NA,"0","0",NA,NA,NA,NA,NA
"0021500371","18","4","0","1","7:14 PM","10:07",NA,NA,"Felton REBOUND (Off:0 Def:1)",NA,NA,"5","101109","Raymond Felton","1610612742","Dallas","Mavericks","DAL","0","0",NA,NA,NA,NA,NA,"0","0",NA,NA,NA,NA,NA
"0021500371","19","2","1","1","7:14 PM","9:57",NA,NA,"MISS Felton 16' Jump Shot",NA,NA,"5","101109","Raymond Felton","1610612742","Dallas","Mavericks","DAL","0","0",NA,NA,NA,NA,NA,"0","0",NA,NA,NA,NA,NA
"0021500371","20","4","0","1","7:14 PM","9:56","Mahinmi REBOUND (Off:0 Def:2)",NA,NA,NA,NA,"4","101133","Ian Mahinmi","1610612754","Indiana","Pacers","IND","0","0",NA,NA,NA,NA,NA,"0","0",NA,NA,NA,NA,NA
"0021500371","21","1","5","1","7:14 PM","9:49","Allen 2' Layup (2 PTS) (Ellis 1 AST)",NA,NA,"7 - 4","-3","4","202730","Lavoy Allen","1610612754","Indiana","Pacers","IND","4","101145","Monta Ellis","1610612754","Indiana","Pacers","IND","0","0",NA,NA,NA,NA,NA
"0021500371","22","2","1","1","7:14 PM","9:33",NA,NA,"MISS Nowitzki 18' Jump Shot",NA,NA,"5","1717","Dirk Nowitzki","1610612742","Dallas","Mavericks","DAL","0","0",NA,NA,NA,NA,NA,"0","0",NA,NA,NA,NA,NA
"0021500371","23","4","0","1","7:14 PM","9:32","Allen REBOUND (Off:0 Def:1)",NA,NA,NA,NA,"4","202730","Lavoy Allen","1610612754","Indiana","Pacers","IND","0","0",NA,NA,NA,NA,NA,"0","0",NA,NA,NA,NA,NA
"0021500371","24","5","1","1","7:15 PM","9:25","George Bad Pass Turnover (P1.T1)",NA,"Pachulia STEAL (1 STL)",NA,NA,"4","202331","Paul George","1610612754","Indiana","Pacers","IND","5","2585","Zaza Pachulia","1610612742","Dallas","Mavericks","DAL","0","0",NA,NA,NA,NA,NA
"0021500371","25","2","1","1","7:15 PM","9:10",NA,NA,"MISS Pachulia 16' Jump Shot",NA,NA,"5","2585","Zaza Pachulia","1610612742","Dallas","Mavericks","DAL","0","0",NA,NA,NA,NA,NA,"0","0",NA,NA,NA,NA,NA
"0021500371","26","4","0","1","7:15 PM","9:09","Mahinmi REBOUND (Off:0 Def:3)",NA,NA,NA,NA,"4","101133","Ian Mahinmi","1610612754","Indiana","Pacers","IND","0","0",NA,NA,NA,NA,NA,"0","0",NA,NA,NA,NA,NA
"0021500371","27","1","1","1","7:15 PM","8:53","George 25' 3PT Jump Shot (3 PTS) (Allen 1 AST)",NA,NA,"7 - 7","TIE","4","202331","Paul George","1610612754","Indiana","Pacers","IND","4","202730","Lavoy Allen","1610612754","Indiana","Pacers","IND","0","0",NA,NA,NA,NA,NA
"0021500371","28","6","2","1","7:16 PM","8:31","Mahinmi S.FOUL (P1.T2) (T.Washington)",NA,NA,NA,NA,"4","101133","Ian Mahinmi","1610612754","Indiana","Pacers","IND","5","101109","Raymond Felton","1610612742","Dallas","Mavericks","DAL","1","0",NA,NA,NA,NA,NA
"0021500371","29","3","11","1","7:16 PM","8:31",NA,NA,"Felton Free Throw 1 of 2 (1 PTS)","8 - 7","-1","5","101109","Raymond Felton","1610612742","Dallas","Mavericks","DAL","0","0",NA,NA,NA,NA,NA,"0","0",NA,NA,NA,NA,NA
"0021500371","31","3","12","1","7:16 PM","8:31",NA,NA,"MISS Felton Free Throw 2 of 2",NA,NA,"5","101109","Raymond Felton","1610612742","Dallas","Mavericks","DAL","0","0",NA,NA,NA,NA,NA,"0","0",NA,NA,NA,NA,NA
"0021500371","33","4","0","1","7:16 PM","8:30",NA,NA,"Pachulia REBOUND (Off:1 Def:1)",NA,NA,"5","2585","Zaza Pachulia","1610612742","Dallas","Mavericks","DAL","0","0",NA,NA,NA,NA,NA,"0","0",NA,NA,NA,NA,NA
"0021500371","34","2","42","1","7:16 PM","8:22","Allen BLOCK (1 BLK)",NA,"MISS Felton 2' Driving Layup",NA,NA,"5","101109","Raymond Felton","1610612742","Dallas","Mavericks","DAL","0","0",NA,NA,NA,NA,NA,"4","202730","Lavoy Allen","1610612754","Indiana","Pacers","IND"
"0021500371","35","4","0","1","7:16 PM","8:21","Mahinmi REBOUND (Off:0 Def:4)",NA,NA,NA,NA,"4","101133","Ian Mahinmi","1610612754","Indiana","Pacers","IND","0","0",NA,NA,NA,NA,NA,"0","0",NA,NA,NA,NA,NA
"0021500371","36","1","1","1","7:16 PM","8:15","George  3PT Jump Shot (6 PTS) (G. Hill 1 AST)",NA,NA,"8 - 10","2","4","202331","Paul George","1610612754","Indiana","Pacers","IND","4","201588","George Hill","1610612754","Indiana","Pacers","IND","0","0",NA,NA,NA,NA,NA
"0021500371","37","5","1","1","7:17 PM","7:52","Ellis STEAL (1 STL)",NA,"Felton Bad Pass Turnover (P1.T1)",NA,NA,"5","101109","Raymond Felton","1610612742","Dallas","Mavericks","DAL","4","101145","Monta Ellis","1610612754","Indiana","Pacers","IND","0","0",NA,NA,NA,NA,NA
"0021500371","38","2","80","1","7:17 PM","7:35","MISS Ellis 20' Step Back Jump Shot",NA,NA,NA,NA,"4","101145","Monta Ellis","1610612754","Indiana","Pacers","IND","0","0",NA,NA,NA,NA,NA,"0","0",NA,NA,NA,NA,NA
"0021500371","39","4","0","1","7:17 PM","7:34","Allen REBOUND (Off:1 Def:1)",NA,NA,NA,NA,"4","202730","Lavoy Allen","1610612754","Indiana","Pacers","IND","0","0",NA,NA,NA,NA,NA,"0","0",NA,NA,NA,NA,NA
"0021500371","40","2","72","1","7:17 PM","7:32","MISS Allen 1' Putback Layup",NA,"Nowitzki BLOCK (1 BLK)",NA,NA,"4","202730","Lavoy Allen","1610612754","Indiana","Pacers","IND","0","0",NA,NA,NA,NA,NA,"5","1717","Dirk Nowitzki","1610612742","Dallas","Mavericks","DAL"
"0021500371","41","4","0","1","7:17 PM","7:32","PACERS Rebound",NA,NA,NA,NA,"2","1610612754",NA,NA,NA,NA,NA,"0","0",NA,NA,NA,NA,NA,"0","0",NA,NA,NA,NA,NA
"0021500371","42","1","1","1","7:18 PM","7:29","G. Hill 18' Jump Shot (2 PTS) (George 2 AST)",NA,NA,"8 - 12","4","4","201588","George Hill","1610612754","Indiana","Pacers","IND","4","202331","Paul George","1610612754","Indiana","Pacers","IND","0","0",NA,NA,NA,NA,NA
"0021500371","43","5","40","1","7:18 PM","7:20",NA,NA,"D. Williams Out of Bounds Lost Ball Turnover (P1.T2)",NA,NA,"5","101114","Deron Williams","1610612742","Dallas","Mavericks","DAL","0","0",NA,NA,NA,NA,NA,"0","0",NA,NA,NA,NA,NA
"0021500371","44","2","42","1","7:18 PM","7:14","MISS Ellis 2' Driving Layup",NA,"Nowitzki BLOCK (2 BLK)",NA,NA,"4","101145","Monta Ellis","1610612754","Indiana","Pacers","IND","0","0",NA,NA,NA,NA,NA,"5","1717","Dirk Nowitzki","1610612742","Dallas","Mavericks","DAL"
"0021500371","45","4","0","1","7:18 PM","7:14","PACERS Rebound",NA,NA,NA,NA,"2","1610612754",NA,NA,NA,NA,NA,"0","0",NA,NA,NA,NA,NA,"0","0",NA,NA,NA,NA,NA
"0021500371","46","2","1","1","7:18 PM","7:07","MISS George 15' Jump Shot",NA,NA,NA,NA,"4","202331","Paul George","1610612754","Indiana","Pacers","IND","0","0",NA,NA,NA,NA,NA,"0","0",NA,NA,NA,NA,NA
"0021500371","47","4","0","1","7:18 PM","7:06",NA,NA,"Nowitzki REBOUND (Off:0 Def:1)",NA,NA,"5","1717","Dirk Nowitzki","1610612742","Dallas","Mavericks","DAL","0","0",NA,NA,NA,NA,NA,"0","0",NA,NA,NA,NA,NA
"0021500371","48","2","1","1","7:18 PM","6:55",NA,NA,"MISS D. Williams 12' Jump Shot",NA,NA,"5","101114","Deron Williams","1610612742","Dallas","Mavericks","DAL","0","0",NA,NA,NA,NA,NA,"0","0",NA,NA,NA,NA,NA
"0021500371","49","4","0","1","7:18 PM","6:55",NA,NA,"Pachulia REBOUND (Off:2 Def:1)",NA,NA,"5","2585","Zaza Pachulia","1610612742","Dallas","Mavericks","DAL","0","0",NA,NA,NA,NA,NA,"0","0",NA,NA,NA,NA,NA
"0021500371","50","6","2","1","7:19 PM","6:54","George S.FOUL (P1.T3) (B.Taylor)",NA,NA,NA,NA,"4","202331","Paul George","1610612754","Indiana","Pacers","IND","5","2585","Zaza Pachulia","1610612742","Dallas","Mavericks","DAL","1","0",NA,NA,NA,NA,NA
"0021500371","51","3","11","1","7:19 PM","6:54",NA,NA,"MISS Pachulia Free Throw 1 of 2",NA,NA,"5","2585","Zaza Pachulia","1610612742","Dallas","Mavericks","DAL","0","0",NA,NA,NA,NA,NA,"0","0",NA,NA,NA,NA,NA
"0021500371","52","4","1","1","7:19 PM","6:54",NA,NA,"Mavericks Rebound",NA,NA,"3","1610612742",NA,NA,NA,NA,NA,"0","0",NA,NA,NA,NA,NA,"0","0",NA,NA,NA,NA,NA
"0021500371","53","8","0","1","7:19 PM","6:54",NA,NA,"SUB: Powell FOR Nowitzki",NA,NA,"5","1717","Dirk Nowitzki","1610612742","Dallas","Mavericks","DAL","5","203939","Dwight Powell","1610612742","Dallas","Mavericks","DAL","0","0",NA,NA,NA,NA,NA
"0021500371","54","8","0","1","7:19 PM","6:54",NA,NA,"SUB: Harris FOR Felton",NA,NA,"5","101109","Raymond Felton","1610612742","Dallas","Mavericks","DAL","5","2734","Devin Harris","1610612742","Dallas","Mavericks","DAL","0","0",NA,NA,NA,NA,NA
"0021500371","55","3","12","1","7:19 PM","6:54",NA,NA,"Pachulia Free Throw 2 of 2 (3 PTS)","9 - 12","3","5","2585","Zaza Pachulia","1610612742","Dallas","Mavericks","DAL","0","0",NA,NA,NA,NA,NA,"0","0",NA,NA,NA,NA,NA
"0021500371","57","5","45","1","7:20 PM","6:43","Mahinmi Out of Bounds - Bad Pass Turnover Turnover (P1.T2)",NA,NA,NA,NA,"4","101133","Ian Mahinmi","1610612754","Indiana","Pacers","IND","0","0",NA,NA,NA,NA,NA,"0","0",NA,NA,NA,NA,NA
"0021500371","58","2","1","1","7:20 PM","6:27",NA,NA,"MISS Matthews 20' Jump Shot",NA,NA,"5","202083","Wesley Matthews","1610612742","Dallas","Mavericks","DAL","0","0",NA,NA,NA,NA,NA,"0","0",NA,NA,NA,NA,NA
"0021500371","59","4","0","1","7:20 PM","6:26","Ellis REBOUND (Off:0 Def:1)",NA,NA,NA,NA,"4","101145","Monta Ellis","1610612754","Indiana","Pacers","IND","0","0",NA,NA,NA,NA,NA,"0","0",NA,NA,NA,NA,NA
"0021500371","60","2","1","1","7:20 PM","6:05","MISS G. Hill 12' Jump Shot",NA,NA,NA,NA,"4","201588","George Hill","1610612754","Indiana","Pacers","IND","0","0",NA,NA,NA,NA,NA,"0","0",NA,NA,NA,NA,NA
"0021500371","61","4","0","1","7:21 PM","6:04","PACERS Rebound",NA,NA,NA,NA,"2","1610612754",NA,NA,NA,NA,NA,"0","0",NA,NA,NA,NA,NA,"0","0",NA,NA,NA,NA,NA
"0021500371","62","5","1","1","7:21 PM","6:00","George Bad Pass Turnover (P2.T3)",NA,NA,NA,NA,"4","202331","Paul George","1610612754","Indiana","Pacers","IND","0","0",NA,NA,NA,NA,NA,"0","0",NA,NA,NA,NA,NA
"0021500371","63","2","80","1","7:21 PM","5:43",NA,NA,"MISS D. Williams 17' Step Back Jump Shot",NA,NA,"5","101114","Deron Williams","1610612742","Dallas","Mavericks","DAL","0","0",NA,NA,NA,NA,NA,"0","0",NA,NA,NA,NA,NA
"0021500371","64","4","0","1","7:21 PM","5:42",NA,NA,"Pachulia REBOUND (Off:3 Def:1)",NA,NA,"5","2585","Zaza Pachulia","1610612742","Dallas","Mavericks","DAL","0","0",NA,NA,NA,NA,NA,"0","0",NA,NA,NA,NA,NA
"0021500371","65","2","1","1","7:21 PM","5:39",NA,NA,"MISS Matthews 25' 3PT Jump Shot",NA,NA,"5","202083","Wesley Matthews","1610612742","Dallas","Mavericks","DAL","0","0",NA,NA,NA,NA,NA,"0","0",NA,NA,NA,NA,NA
"0021500371","66","4","0","1","7:21 PM","5:38","Mahinmi REBOUND (Off:0 Def:5)",NA,NA,NA,NA,"4","101133","Ian Mahinmi","1610612754","Indiana","Pacers","IND","0","0",NA,NA,NA,NA,NA,"0","0",NA,NA,NA,NA,NA
"0021500371","67","9","1","1","7:21 PM","5:26","PACERS Timeout: Regular (Full 1 Short 0)",NA,NA,NA,NA,"2","1610612754",NA,NA,NA,NA,NA,"0","0",NA,NA,NA,NA,NA,"0","0",NA,NA,NA,NA,NA
"0021500371","69","8","0","1","7:24 PM","5:26","SUB: Miles FOR Allen",NA,NA,NA,NA,"4","202730","Lavoy Allen","1610612754","Indiana","Pacers","IND","4","101139","CJ Miles","1610612754","Indiana","Pacers","IND","0","0",NA,NA,NA,NA,NA
"0021500371","70","8","0","1","7:24 PM","5:26",NA,NA,"SUB: Parsons FOR Powell",NA,NA,"5","203939","Dwight Powell","1610612742","Dallas","Mavericks","DAL","5","202718","Chandler Parsons","1610612742","Dallas","Mavericks","DAL","0","0",NA,NA,NA,NA,NA
"0021500371","71","1","1","1","7:24 PM","5:16","G. Hill 27' 3PT Jump Shot (5 PTS) (Mahinmi 1 AST)",NA,NA,"9 - 15","6","4","201588","George Hill","1610612754","Indiana","Pacers","IND","4","101133","Ian Mahinmi","1610612754","Indiana","Pacers","IND","0","0",NA,NA,NA,NA,NA
"0021500371","72","1","5","1","7:25 PM","4:52",NA,NA,"Pachulia 3' Layup (5 PTS) (Parsons 1 AST)","11 - 15","4","5","2585","Zaza Pachulia","1610612742","Dallas","Mavericks","DAL","5","202718","Chandler Parsons","1610612742","Dallas","Mavericks","DAL","0","0",NA,NA,NA,NA,NA
"0021500371","73","2","1","1","7:25 PM","4:41","MISS G. Hill 28' 3PT Jump Shot",NA,NA,NA,NA,"4","201588","George Hill","1610612754","Indiana","Pacers","IND","0","0",NA,NA,NA,NA,NA,"0","0",NA,NA,NA,NA,NA
"0021500371","74","4","0","1","7:25 PM","4:40",NA,NA,"Pachulia REBOUND (Off:3 Def:2)",NA,NA,"5","2585","Zaza Pachulia","1610612742","Dallas","Mavericks","DAL","0","0",NA,NA,NA,NA,NA,"0","0",NA,NA,NA,NA,NA
"0021500371","75","2","80","1","7:25 PM","4:26",NA,NA,"MISS Matthews 17' Step Back Jump Shot",NA,NA,"5","202083","Wesley Matthews","1610612742","Dallas","Mavericks","DAL","0","0",NA,NA,NA,NA,NA,"0","0",NA,NA,NA,NA,NA
"0021500371","76","4","0","1","7:25 PM","4:23",NA,NA,"Pachulia REBOUND (Off:4 Def:2)",NA,NA,"5","2585","Zaza Pachulia","1610612742","Dallas","Mavericks","DAL","0","0",NA,NA,NA,NA,NA,"0","0",NA,NA,NA,NA,NA
"0021500371","77","1","1","1","7:25 PM","4:14",NA,NA,"Harris 24' 3PT Jump Shot (3 PTS) (Parsons 2 AST)","14 - 15","1","5","2734","Devin Harris","1610612742","Dallas","Mavericks","DAL","5","202718","Chandler Parsons","1610612742","Dallas","Mavericks","DAL","0","0",NA,NA,NA,NA,NA
"0021500371","78","2","1","1","7:25 PM","3:56","MISS Ellis 27' 3PT Jump Shot",NA,NA,NA,NA,"4","101145","Monta Ellis","1610612754","Indiana","Pacers","IND","0","0",NA,NA,NA,NA,NA,"0","0",NA,NA,NA,NA,NA
"0021500371","79","4","0","1","7:25 PM","3:56",NA,NA,"Mavericks Rebound",NA,NA,"3","1610612742",NA,NA,NA,NA,NA,"0","0",NA,NA,NA,NA,NA,"0","0",NA,NA,NA,NA,NA
"0021500371","80","8","0","1","7:26 PM","3:56","SUB: Stuckey FOR G. Hill",NA,NA,NA,NA,"4","201588","George Hill","1610612754","Indiana","Pacers","IND","4","201155","Rodney Stuckey","1610612754","Indiana","Pacers","IND","0","0",NA,NA,NA,NA,NA
"0021500371","81","6","1","1","7:26 PM","3:44","Miles P.FOUL (P1.T4) (B.Taylor)",NA,NA,NA,NA,"4","101139","CJ Miles","1610612754","Indiana","Pacers","IND","5","202718","Chandler Parsons","1610612742","Dallas","Mavericks","DAL","1","0",NA,NA,NA,NA,NA
"0021500371","82","1","1","1","7:26 PM","3:38",NA,NA,"Parsons 27' 3PT Jump Shot (3 PTS) (D. Williams 2 AST)","17 - 15","-2","5","202718","Chandler Parsons","1610612742","Dallas","Mavericks","DAL","5","101114","Deron Williams","1610612742","Dallas","Mavericks","DAL","0","0",NA,NA,NA,NA,NA
"0021500371","83","2","80","1","7:27 PM","3:18","MISS George 27' 3PT Step Back Jump Shot",NA,NA,NA,NA,"4","202331","Paul George","1610612754","Indiana","Pacers","IND","0","0",NA,NA,NA,NA,NA,"0","0",NA,NA,NA,NA,NA
"0021500371","84","4","0","1","7:27 PM","3:17",NA,NA,"Pachulia REBOUND (Off:4 Def:3)",NA,NA,"5","2585","Zaza Pachulia","1610612742","Dallas","Mavericks","DAL","0","0",NA,NA,NA,NA,NA,"0","0",NA,NA,NA,NA,NA
"0021500371","85","2","5","1","7:27 PM","3:09","Ellis BLOCK (1 BLK)",NA,"MISS Pachulia  Layup",NA,NA,"5","2585","Zaza Pachulia","1610612742","Dallas","Mavericks","DAL","0","0",NA,NA,NA,NA,NA,"4","101145","Monta Ellis","1610612754","Indiana","Pacers","IND"
"0021500371","86","4","0","1","7:27 PM","3:06","Miles REBOUND (Off:0 Def:1)",NA,NA,NA,NA,"4","101139","CJ Miles","1610612754","Indiana","Pacers","IND","0","0",NA,NA,NA,NA,NA,"0","0",NA,NA,NA,NA,NA
"0021500371","87","2","79","1","7:27 PM","3:01","MISS Miles 25' 3PT Pullup Jump Shot",NA,NA,NA,NA,"4","101139","CJ Miles","1610612754","Indiana","Pacers","IND","0","0",NA,NA,NA,NA,NA,"0","0",NA,NA,NA,NA,NA
"0021500371","88","4","0","1","7:27 PM","3:00",NA,NA,"Matthews REBOUND (Off:0 Def:2)",NA,NA,"5","202083","Wesley Matthews","1610612742","Dallas","Mavericks","DAL","0","0",NA,NA,NA,NA,NA,"0","0",NA,NA,NA,NA,NA
"0021500371","89","5","1","1","7:27 PM","2:43","Stuckey STEAL (1 STL)",NA,"D. Williams Bad Pass Turnover (P2.T3)",NA,NA,"5","101114","Deron Williams","1610612742","Dallas","Mavericks","DAL","4","201155","Rodney Stuckey","1610612754","Indiana","Pacers","IND","0","0",NA,NA,NA,NA,NA
"0021500371","90","2","41","1","7:27 PM","2:37","MISS Stuckey 2' Running Layup",NA,NA,NA,NA,"4","201155","Rodney Stuckey","1610612754","Indiana","Pacers","IND","0","0",NA,NA,NA,NA,NA,"0","0",NA,NA,NA,NA,NA
"0021500371","91","4","0","1","7:27 PM","2:36",NA,NA,"Pachulia REBOUND (Off:4 Def:4)",NA,NA,"5","2585","Zaza Pachulia","1610612742","Dallas","Mavericks","DAL","0","0",NA,NA,NA,NA,NA,"0","0",NA,NA,NA,NA,NA
"0021500371","92","2","80","1","7:27 PM","2:30",NA,NA,"MISS D. Williams 25' 3PT Step Back Jump Shot",NA,NA,"5","101114","Deron Williams","1610612742","Dallas","Mavericks","DAL","0","0",NA,NA,NA,NA,NA,"0","0",NA,NA,NA,NA,NA
"0021500371","93","4","0","1","7:28 PM","2:30","George REBOUND (Off:0 Def:1)",NA,NA,NA,NA,"4","202331","Paul George","1610612754","Indiana","Pacers","IND","0","0",NA,NA,NA,NA,NA,"0","0",NA,NA,NA,NA,NA
"0021500371","94","2","98","1","7:28 PM","2:23","MISS Ellis  Cutting Layup Shot",NA,NA,NA,NA,"4","101145","Monta Ellis","1610612754","Indiana","Pacers","IND","0","0",NA,NA,NA,NA,NA,"0","0",NA,NA,NA,NA,NA
"0021500371","95","4","0","1","7:28 PM","2:23",NA,NA,"Pachulia REBOUND (Off:4 Def:5)",NA,NA,"5","2585","Zaza Pachulia","1610612742","Dallas","Mavericks","DAL","0","0",NA,NA,NA,NA,NA,"0","0",NA,NA,NA,NA,NA
"0021500371","96","2","1","1","7:28 PM","2:15",NA,NA,"MISS Parsons  3PT Jump Shot",NA,NA,"5","202718","Chandler Parsons","1610612742","Dallas","Mavericks","DAL","0","0",NA,NA,NA,NA,NA,"0","0",NA,NA,NA,NA,NA
"0021500371","97","4","0","1","7:28 PM","2:15","PACERS Rebound",NA,NA,NA,NA,"2","1610612754",NA,NA,NA,NA,NA,"0","0",NA,NA,NA,NA,NA,"0","0",NA,NA,NA,NA,NA
"0021500371","98","6","3","1","7:28 PM","2:15",NA,NA,"Pachulia L.B.FOUL (P1.T1) (S.Wall)",NA,NA,"5","2585","Zaza Pachulia","1610612742","Dallas","Mavericks","DAL","4","202331","Paul George","1610612754","Indiana","Pacers","IND","1","0",NA,NA,NA,NA,NA
"0021500371","99","9","1","1","7:28 PM","2:15",NA,NA,"Mavericks Timeout: Regular (Reg.1 Short 0)",NA,NA,"3","1610612742",NA,NA,NA,NA,NA,"0","0",NA,NA,NA,NA,NA,"0","0",NA,NA,NA,NA,NA
"0021500371","101","8","0","1","7:30 PM","2:15",NA,NA,"SUB: Barea FOR Matthews",NA,NA,"5","202083","Wesley Matthews","1610612742","Dallas","Mavericks","DAL","5","200826","J.J. Barea","1610612742","Dallas","Mavericks","DAL","0","0",NA,NA,NA,NA,NA
"0021500371","102","8","0","1","7:30 PM","2:15",NA,NA,"SUB: Powell FOR Pachulia",NA,NA,"5","2585","Zaza Pachulia","1610612742","Dallas","Mavericks","DAL","5","203939","Dwight Powell","1610612742","Dallas","Mavericks","DAL","0","0",NA,NA,NA,NA,NA
"0021500371","103","8","0","1","7:30 PM","2:15",NA,NA,"SUB: Nowitzki FOR D. Williams",NA,NA,"5","101114","Deron Williams","1610612742","Dallas","Mavericks","DAL","5","1717","Dirk Nowitzki","1610612742","Dallas","Mavericks","DAL","0","0",NA,NA,NA,NA,NA
"0021500371","104","8","0","1","7:30 PM","2:15","SUB: Hill FOR Mahinmi",NA,NA,NA,NA,"4","101133","Ian Mahinmi","1610612754","Indiana","Pacers","IND","4","201941","Jordan Hill","1610612754","Indiana","Pacers","IND","0","0",NA,NA,NA,NA,NA
"0021500371","105","2","79","1","7:30 PM","2:04","MISS Ellis 18' Pullup Jump Shot",NA,NA,NA,NA,"4","101145","Monta Ellis","1610612754","Indiana","Pacers","IND","0","0",NA,NA,NA,NA,NA,"0","0",NA,NA,NA,NA,NA
"0021500371","106","4","0","1","7:31 PM","2:04",NA,NA,"Barea REBOUND (Off:0 Def:1)",NA,NA,"5","200826","J.J. Barea","1610612742","Dallas","Mavericks","DAL","0","0",NA,NA,NA,NA,NA,"0","0",NA,NA,NA,NA,NA
"0021500371","107","6","2","1","7:31 PM","1:51","Stuckey S.FOUL (P1.PN) (S.Wall)",NA,NA,NA,NA,"4","201155","Rodney Stuckey","1610612754","Indiana","Pacers","IND","5","2734","Devin Harris","1610612742","Dallas","Mavericks","DAL","1","0",NA,NA,NA,NA,NA
"0021500371","108","3","11","1","7:31 PM","1:51",NA,NA,"Harris Free Throw 1 of 2 (4 PTS)","18 - 15","-3","5","2734","Devin Harris","1610612742","Dallas","Mavericks","DAL","0","0",NA,NA,NA,NA,NA,"0","0",NA,NA,NA,NA,NA
"0021500371","110","3","12","1","7:31 PM","1:51",NA,NA,"Harris Free Throw 2 of 2 (5 PTS)","19 - 15","-4","5","2734","Devin Harris","1610612742","Dallas","Mavericks","DAL","0","0",NA,NA,NA,NA,NA,"0","0",NA,NA,NA,NA,NA
"0021500371","113","2","1","1","7:32 PM","1:34","MISS Stuckey 18' Jump Shot",NA,NA,NA,NA,"4","201155","Rodney Stuckey","1610612754","Indiana","Pacers","IND","0","0",NA,NA,NA,NA,NA,"0","0",NA,NA,NA,NA,NA
"0021500371","114","4","0","1","7:32 PM","1:33",NA,NA,"Nowitzki REBOUND (Off:0 Def:2)",NA,NA,"5","1717","Dirk Nowitzki","1610612742","Dallas","Mavericks","DAL","0","0",NA,NA,NA,NA,NA,"0","0",NA,NA,NA,NA,NA
"0021500371","115","2","42","1","7:32 PM","1:14",NA,NA,"MISS Parsons  Driving Layup",NA,NA,"5","202718","Chandler Parsons","1610612742","Dallas","Mavericks","DAL","0","0",NA,NA,NA,NA,NA,"0","0",NA,NA,NA,NA,NA
"0021500371","116","4","0","1","7:32 PM","1:14","George REBOUND (Off:0 Def:2)",NA,NA,NA,NA,"4","202331","Paul George","1610612754","Indiana","Pacers","IND","0","0",NA,NA,NA,NA,NA,"0","0",NA,NA,NA,NA,NA
"0021500371","117","2","41","1","7:32 PM","1:08","MISS Ellis  Running Layup",NA,NA,NA,NA,"4","101145","Monta Ellis","1610612754","Indiana","Pacers","IND","0","0",NA,NA,NA,NA,NA,"0","0",NA,NA,NA,NA,NA
"0021500371","118","4","0","1","7:32 PM","1:07",NA,NA,"Powell REBOUND (Off:0 Def:1)",NA,NA,"5","203939","Dwight Powell","1610612742","Dallas","Mavericks","DAL","0","0",NA,NA,NA,NA,NA,"0","0",NA,NA,NA,NA,NA
"0021500371","119","5","2","1","7:33 PM","0:49","Miles STEAL (1 STL)",NA,"Nowitzki Lost Ball Turnover (P1.T4)",NA,NA,"5","1717","Dirk Nowitzki","1610612742","Dallas","Mavericks","DAL","4","101139","CJ Miles","1610612754","Indiana","Pacers","IND","0","0",NA,NA,NA,NA,NA
"0021500371","120","1","79","1","7:33 PM","0:44","Stuckey 4' Pullup Jump Shot (2 PTS) (Miles 1 AST)",NA,NA,"19 - 17","-2","4","201155","Rodney Stuckey","1610612754","Indiana","Pacers","IND","4","101139","CJ Miles","1610612754","Indiana","Pacers","IND","0","0",NA,NA,NA,NA,NA
"0021500371","121","6","2","1","7:33 PM","0:44",NA,NA,"Harris S.FOUL (P1.T2) (B.Taylor)",NA,NA,"5","2734","Devin Harris","1610612742","Dallas","Mavericks","DAL","4","201155","Rodney Stuckey","1610612754","Indiana","Pacers","IND","1","0",NA,NA,NA,NA,NA
"0021500371","122","8","0","1","7:33 PM","0:44",NA,NA,"SUB: Felton FOR Harris",NA,NA,"5","2734","Devin Harris","1610612742","Dallas","Mavericks","DAL","5","101109","Raymond Felton","1610612742","Dallas","Mavericks","DAL","0","0",NA,NA,NA,NA,NA
"0021500371","123","3","10","1","7:33 PM","0:44","Stuckey Free Throw 1 of 1 (3 PTS)",NA,NA,"19 - 18","-1","4","201155","Rodney Stuckey","1610612754","Indiana","Pacers","IND","0","0",NA,NA,NA,NA,NA,"0","0",NA,NA,NA,NA,NA
"0021500371","125","2","42","1","7:34 PM","0:30","Hill BLOCK (1 BLK)",NA,"MISS Parsons 1' Driving Layup",NA,NA,"5","202718","Chandler Parsons","1610612742","Dallas","Mavericks","DAL","0","0",NA,NA,NA,NA,NA,"4","201941","Jordan Hill","1610612754","Indiana","Pacers","IND"
"0021500371","126","4","0","1","7:34 PM","0:28","George REBOUND (Off:0 Def:3)",NA,NA,NA,NA,"4","202331","Paul George","1610612754","Indiana","Pacers","IND","0","0",NA,NA,NA,NA,NA,"0","0",NA,NA,NA,NA,NA
"0021500371","127","6","2","1","7:34 PM","0:23",NA,NA,"Powell S.FOUL (P1.PN) (B.Taylor)",NA,NA,"5","203939","Dwight Powell","1610612742","Dallas","Mavericks","DAL","4","101139","CJ Miles","1610612754","Indiana","Pacers","IND","1","0",NA,NA,NA,NA,NA
"0021500371","128","3","13","1","7:34 PM","0:23","Miles Free Throw 1 of 3 (1 PTS)",NA,NA,"19 - 19","TIE","4","101139","CJ Miles","1610612754","Indiana","Pacers","IND","0","0",NA,NA,NA,NA,NA,"0","0",NA,NA,NA,NA,NA
"0021500371","130","3","14","1","7:34 PM","0:23","Miles Free Throw 2 of 3 (2 PTS)",NA,NA,"19 - 20","1","4","101139","CJ Miles","1610612754","Indiana","Pacers","IND","0","0",NA,NA,NA,NA,NA,"0","0",NA,NA,NA,NA,NA
"0021500371","132","8","0","1","7:35 PM","0:23","SUB: Allen FOR Ellis",NA,NA,NA,NA,"4","101145","Monta Ellis","1610612754","Indiana","Pacers","IND","4","202730","Lavoy Allen","1610612754","Indiana","Pacers","IND","0","0",NA,NA,NA,NA,NA
"0021500371","133","3","15","1","7:35 PM","0:23","MISS Miles Free Throw 3 of 3",NA,NA,NA,NA,"4","101139","CJ Miles","1610612754","Indiana","Pacers","IND","0","0",NA,NA,NA,NA,NA,"0","0",NA,NA,NA,NA,NA
"0021500371","135","4","0","1","7:35 PM","0:22",NA,NA,"Nowitzki REBOUND (Off:0 Def:3)",NA,NA,"5","1717","Dirk Nowitzki","1610612742","Dallas","Mavericks","DAL","0","0",NA,NA,NA,NA,NA,"0","0",NA,NA,NA,NA,NA
"0021500371","136","2","5","1","7:35 PM","0:01",NA,NA,"MISS Barea 2' Layup",NA,NA,"5","200826","J.J. Barea","1610612742","Dallas","Mavericks","DAL","0","0",NA,NA,NA,NA,NA,"0","0",NA,NA,NA,NA,NA
"0021500371","137","4","0","1","7:35 PM","0:00",NA,NA,"Parsons REBOUND (Off:1 Def:0)",NA,NA,"5","202718","Chandler Parsons","1610612742","Dallas","Mavericks","DAL","0","0",NA,NA,NA,NA,NA,"0","0",NA,NA,NA,NA,NA
"0021500371","138","13","0","1","7:35 PM","0:00",NA,NA,NA,"19 - 20","1","0","0",NA,NA,NA,NA,NA,"0","0",NA,NA,NA,NA,NA,"0","0",NA,NA,NA,NA,NA
"0021500371","140","12","0","2","7:38 PM","12:00",NA,NA,NA,"19 - 20","1","0","0",NA,NA,NA,NA,NA,"0","0",NA,NA,NA,NA,NA,"0","0",NA,NA,NA,NA,NA
"0021500371","141","1","46","2","7:38 PM","11:45","Stuckey 7' Running Jump Shot (5 PTS) (Miles 2 AST)",NA,NA,"19 - 22","3","4","201155","Rodney Stuckey","1610612754","Indiana","Pacers","IND","4","101139","CJ Miles","1610612754","Indiana","Pacers","IND","0","0",NA,NA,NA,NA,NA
"0021500371","142","1","47","2","7:38 PM","11:33",NA,NA,"Nowitzki 17' Turnaround Jump Shot (4 PTS) (Barea 1 AST)","21 - 22","1","5","1717","Dirk Nowitzki","1610612742","Dallas","Mavericks","DAL","5","200826","J.J. Barea","1610612742","Dallas","Mavericks","DAL","0","0",NA,NA,NA,NA,NA
"0021500371","143","6","2","2","7:39 PM","11:19",NA,NA,"Powell S.FOUL (P2.T1) (T.Washington)",NA,NA,"5","203939","Dwight Powell","1610612742","Dallas","Mavericks","DAL","4","101139","CJ Miles","1610612754","Indiana","Pacers","IND","1","0",NA,NA,NA,NA,NA
"0021500371","144","3","11","2","7:39 PM","11:19","Miles Free Throw 1 of 2 (3 PTS)",NA,NA,"21 - 23","2","4","101139","CJ Miles","1610612754","Indiana","Pacers","IND","0","0",NA,NA,NA,NA,NA,"0","0",NA,NA,NA,NA,NA
"0021500371","146","3","12","2","7:39 PM","11:19","MISS Miles Free Throw 2 of 2",NA,NA,NA,NA,"4","101139","CJ Miles","1610612754","Indiana","Pacers","IND","0","0",NA,NA,NA,NA,NA,"0","0",NA,NA,NA,NA,NA
"0021500371","148","4","0","2","7:39 PM","11:18",NA,NA,"Barea REBOUND (Off:0 Def:2)",NA,NA,"5","200826","J.J. Barea","1610612742","Dallas","Mavericks","DAL","0","0",NA,NA,NA,NA,NA,"0","0",NA,NA,NA,NA,NA
"0021500371","149","2","86","2","7:40 PM","11:00",NA,NA,"MISS Nowitzki 8' Turnaround Fadeaway Shot",NA,NA,"5","1717","Dirk Nowitzki","1610612742","Dallas","Mavericks","DAL","0","0",NA,NA,NA,NA,NA,"0","0",NA,NA,NA,NA,NA
"0021500371","150","4","0","2","7:40 PM","11:00","Stuckey REBOUND (Off:0 Def:1)",NA,NA,NA,NA,"4","201155","Rodney Stuckey","1610612754","Indiana","Pacers","IND","0","0",NA,NA,NA,NA,NA,"0","0",NA,NA,NA,NA,NA
"0021500371","151","6","3","2","7:40 PM","11:00",NA,NA,"Powell L.B.FOUL (P3.T2) (B.Taylor)",NA,NA,"5","203939","Dwight Powell","1610612742","Dallas","Mavericks","DAL","4","201155","Rodney Stuckey","1610612754","Indiana","Pacers","IND","1","0",NA,NA,NA,NA,NA
"0021500371","152","8","0","2","7:40 PM","11:00",NA,NA,"SUB: McGee FOR Powell",NA,NA,"5","203939","Dwight Powell","1610612742","Dallas","Mavericks","DAL","5","201580","JaVale McGee","1610612742","Dallas","Mavericks","DAL","0","0",NA,NA,NA,NA,NA
"0021500371","153","2","79","2","7:40 PM","10:49","MISS Stuckey 17' Pullup Jump Shot",NA,NA,NA,NA,"4","201155","Rodney Stuckey","1610612754","Indiana","Pacers","IND","0","0",NA,NA,NA,NA,NA,"0","0",NA,NA,NA,NA,NA
"0021500371","154","4","0","2","7:40 PM","10:48",NA,NA,"McGee REBOUND (Off:0 Def:1)",NA,NA,"5","201580","JaVale McGee","1610612742","Dallas","Mavericks","DAL","0","0",NA,NA,NA,NA,NA,"0","0",NA,NA,NA,NA,NA
"0021500371","155","2","1","2","7:41 PM","10:32",NA,NA,"MISS Felton 26' 3PT Jump Shot",NA,NA,"5","101109","Raymond Felton","1610612742","Dallas","Mavericks","DAL","0","0",NA,NA,NA,NA,NA,"0","0",NA,NA,NA,NA,NA
"0021500371","156","4","0","2","7:41 PM","10:31","Budinger REBOUND (Off:0 Def:1)",NA,NA,NA,NA,"4","201978","Chase Budinger","1610612754","Indiana","Pacers","IND","0","0",NA,NA,NA,NA,NA,"0","0",NA,NA,NA,NA,NA
"0021500371","157","1","7","2","7:41 PM","10:25","Miles  Dunk (5 PTS) (Budinger 1 AST)",NA,NA,"21 - 25","4","4","101139","CJ Miles","1610612754","Indiana","Pacers","IND","4","201978","Chase Budinger","1610612754","Indiana","Pacers","IND","0","0",NA,NA,NA,NA,NA
"0021500371","158","1","75","2","7:41 PM","10:06",NA,NA,"Felton 2' Driving Finger Roll Layup (3 PTS)","23 - 25","2","5","101109","Raymond Felton","1610612742","Dallas","Mavericks","DAL","0","0",NA,NA,NA,NA,NA,"0","0",NA,NA,NA,NA,NA
"0021500371","159","6","27","2","7:41 PM","9:53",NA,NA,"McGee Personal Block Foul (P1.T3) (S.Wall)",NA,NA,"5","201580","JaVale McGee","1610612742","Dallas","Mavericks","DAL","4","201978","Chase Budinger","1610612754","Indiana","Pacers","IND","1","0",NA,NA,NA,NA,NA
"0021500371","160","1","46","2","7:42 PM","9:43","G. Hill 5' Running Jump Shot (7 PTS)",NA,NA,"23 - 27","4","4","201588","George Hill","1610612754","Indiana","Pacers","IND","0","0",NA,NA,NA,NA,NA,"0","0",NA,NA,NA,NA,NA
"0021500371","161","5","2","2","7:42 PM","9:36","G. Hill STEAL (1 STL)",NA,"Parsons Lost Ball Turnover (P1.T5)",NA,NA,"5","202718","Chandler Parsons","1610612742","Dallas","Mavericks","DAL","4","201588","George Hill","1610612754","Indiana","Pacers","IND","0","0",NA,NA,NA,NA,NA
"0021500371","162","1","50","2","7:42 PM","9:33","G. Hill  Running Dunk (9 PTS)",NA,NA,"23 - 29","6","4","201588","George Hill","1610612754","Indiana","Pacers","IND","0","0",NA,NA,NA,NA,NA,"0","0",NA,NA,NA,NA,NA
"0021500371","163","9","1","2","7:42 PM","9:32",NA,NA,"Mavericks Timeout: Regular (Reg.2 Short 0)",NA,NA,"3","1610612742",NA,NA,NA,NA,NA,"0","0",NA,NA,NA,NA,NA,"0","0",NA,NA,NA,NA,NA
"0021500371","165","6","2","2","7:45 PM","9:17","Miles S.FOUL (P2.T1) (B.Taylor)",NA,NA,NA,NA,"4","101139","CJ Miles","1610612754","Indiana","Pacers","IND","5","200826","J.J. Barea","1610612742","Dallas","Mavericks","DAL","1","0",NA,NA,NA,NA,NA
"0021500371","166","3","11","2","7:45 PM","9:17",NA,NA,"Barea Free Throw 1 of 2 (1 PTS)","24 - 29","5","5","200826","J.J. Barea","1610612742","Dallas","Mavericks","DAL","0","0",NA,NA,NA,NA,NA,"0","0",NA,NA,NA,NA,NA
"0021500371","168","3","12","2","7:45 PM","9:17",NA,NA,"Barea Free Throw 2 of 2 (2 PTS)","25 - 29","4","5","200826","J.J. Barea","1610612742","Dallas","Mavericks","DAL","0","0",NA,NA,NA,NA,NA,"0","0",NA,NA,NA,NA,NA
"0021500371","170","2","1","2","7:46 PM","8:56","MISS Miles 25' 3PT Jump Shot",NA,NA,NA,NA,"4","101139","CJ Miles","1610612754","Indiana","Pacers","IND","0","0",NA,NA,NA,NA,NA,"0","0",NA,NA,NA,NA,NA
"0021500371","171","4","0","2","7:46 PM","8:55",NA,NA,"McGee REBOUND (Off:0 Def:2)",NA,NA,"5","201580","JaVale McGee","1610612742","Dallas","Mavericks","DAL","0","0",NA,NA,NA,NA,NA,"0","0",NA,NA,NA,NA,NA
"0021500371","172","6","1","2","7:46 PM","8:46","Budinger P.FOUL (P1.T2) (T.Washington)",NA,NA,NA,NA,"4","201978","Chase Budinger","1610612754","Indiana","Pacers","IND","5","201580","JaVale McGee","1610612742","Dallas","Mavericks","DAL","1","0",NA,NA,NA,NA,NA
"0021500371","173","1","108","2","7:46 PM","8:38",NA,NA,"Parsons  Cutting Dunk Shot (5 PTS) (Barea 2 AST)","27 - 29","2","5","202718","Chandler Parsons","1610612742","Dallas","Mavericks","DAL","5","200826","J.J. Barea","1610612742","Dallas","Mavericks","DAL","0","0",NA,NA,NA,NA,NA
"0021500371","174","2","1","2","7:47 PM","8:16","MISS Budinger 16' Jump Shot",NA,NA,NA,NA,"4","201978","Chase Budinger","1610612754","Indiana","Pacers","IND","0","0",NA,NA,NA,NA,NA,"0","0",NA,NA,NA,NA,NA
"0021500371","175","4","0","2","7:47 PM","8:15","Miles REBOUND (Off:1 Def:1)",NA,NA,NA,NA,"4","101139","CJ Miles","1610612754","Indiana","Pacers","IND","0","0",NA,NA,NA,NA,NA,"0","0",NA,NA,NA,NA,NA
"0021500371","176","1","72","2","7:47 PM","8:12","Miles  Putback Layup (7 PTS)",NA,NA,"27 - 31","4","4","101139","CJ Miles","1610612754","Indiana","Pacers","IND","0","0",NA,NA,NA,NA,NA,"0","0",NA,NA,NA,NA,NA
"0021500371","177","2","1","2","7:47 PM","7:48",NA,NA,"MISS Nowitzki 19' Jump Shot",NA,NA,"5","1717","Dirk Nowitzki","1610612742","Dallas","Mavericks","DAL","0","0",NA,NA,NA,NA,NA,"0","0",NA,NA,NA,NA,NA
"0021500371","178","4","0","2","7:47 PM","7:47",NA,NA,"McGee REBOUND (Off:1 Def:2)",NA,NA,"5","201580","JaVale McGee","1610612742","Dallas","Mavericks","DAL","0","0",NA,NA,NA,NA,NA,"0","0",NA,NA,NA,NA,NA
"0021500371","179","1","7","2","7:47 PM","7:38",NA,NA,"McGee  Dunk (2 PTS)","29 - 31","2","5","201580","JaVale McGee","1610612742","Dallas","Mavericks","DAL","0","0",NA,NA,NA,NA,NA,"0","0",NA,NA,NA,NA,NA
"0021500371","180","1","108","2","7:48 PM","7:24","Hill  Cutting Dunk Shot (2 PTS) (Stuckey 1 AST)",NA,NA,"29 - 33","4","4","201941","Jordan Hill","1610612754","Indiana","Pacers","IND","4","201155","Rodney Stuckey","1610612754","Indiana","Pacers","IND","0","0",NA,NA,NA,NA,NA
"0021500371","181","2","42","2","7:48 PM","7:04",NA,NA,"MISS Parsons 2' Driving Layup",NA,NA,"5","202718","Chandler Parsons","1610612742","Dallas","Mavericks","DAL","0","0",NA,NA,NA,NA,NA,"0","0",NA,NA,NA,NA,NA
"0021500371","182","4","0","2","7:48 PM","7:04","Hill REBOUND (Off:0 Def:1)",NA,NA,NA,NA,"4","201941","Jordan Hill","1610612754","Indiana","Pacers","IND","0","0",NA,NA,NA,NA,NA,"0","0",NA,NA,NA,NA,NA
"0021500371","183","2","47","2","7:48 PM","6:57","MISS G. Hill 4' Turnaround Jump Shot",NA,NA,NA,NA,"4","201588","George Hill","1610612754","Indiana","Pacers","IND","0","0",NA,NA,NA,NA,NA,"0","0",NA,NA,NA,NA,NA
"0021500371","184","4","0","2","7:48 PM","6:56",NA,NA,"McGee REBOUND (Off:1 Def:3)",NA,NA,"5","201580","JaVale McGee","1610612742","Dallas","Mavericks","DAL","0","0",NA,NA,NA,NA,NA,"0","0",NA,NA,NA,NA,NA
"0021500371","185","1","66","2","7:48 PM","6:44",NA,NA,"Barea 3' Jump Bank Shot (4 PTS)","31 - 33","2","5","200826","J.J. Barea","1610612742","Dallas","Mavericks","DAL","0","0",NA,NA,NA,NA,NA,"0","0",NA,NA,NA,NA,NA
"0021500371","186","2","1","2","7:49 PM","6:29","MISS Miles 27' 3PT Jump Shot",NA,NA,NA,NA,"4","101139","CJ Miles","1610612754","Indiana","Pacers","IND","0","0",NA,NA,NA,NA,NA,"0","0",NA,NA,NA,NA,NA
"0021500371","187","4","0","2","7:49 PM","6:28",NA,NA,"Parsons REBOUND (Off:1 Def:1)",NA,NA,"5","202718","Chandler Parsons","1610612742","Dallas","Mavericks","DAL","0","0",NA,NA,NA,NA,NA,"0","0",NA,NA,NA,NA,NA
"0021500371","188","5","1","2","7:49 PM","6:12","Hill STEAL (1 STL)",NA,"Barea Bad Pass Turnover (P1.T6)",NA,NA,"5","200826","J.J. Barea","1610612742","Dallas","Mavericks","DAL","4","201941","Jordan Hill","1610612754","Indiana","Pacers","IND","0","0",NA,NA,NA,NA,NA
"0021500371","189","1","41","2","7:49 PM","6:08","G. Hill 1' Running Layup (11 PTS)",NA,NA,"31 - 35","4","4","201588","George Hill","1610612754","Indiana","Pacers","IND","0","0",NA,NA,NA,NA,NA,"0","0",NA,NA,NA,NA,NA
"0021500371","190","9","2","2","7:49 PM","6:08",NA,NA,"Mavericks Timeout: Short (Reg.2 Short 1)",NA,NA,"3","1610612742",NA,NA,NA,NA,NA,"0","0",NA,NA,NA,NA,NA,"0","0",NA,NA,NA,NA,NA
"0021500371","192","8","0","2","7:50 PM","6:08","SUB: Ellis FOR G. Hill",NA,NA,NA,NA,"4","201588","George Hill","1610612754","Indiana","Pacers","IND","4","101145","Monta Ellis","1610612754","Indiana","Pacers","IND","0","0",NA,NA,NA,NA,NA
"0021500371","193","8","0","2","7:50 PM","6:08",NA,NA,"SUB: Villanueva FOR Nowitzki",NA,NA,"5","1717","Dirk Nowitzki","1610612742","Dallas","Mavericks","DAL","5","101111","Charlie Villanueva","1610612742","Dallas","Mavericks","DAL","0","0",NA,NA,NA,NA,NA
"0021500371","194","8","0","2","7:50 PM","6:08",NA,NA,"SUB: D. Williams FOR Parsons",NA,NA,"5","202718","Chandler Parsons","1610612742","Dallas","Mavericks","DAL","5","101114","Deron Williams","1610612742","Dallas","Mavericks","DAL","0","0",NA,NA,NA,NA,NA
"0021500371","195","8","0","2","7:50 PM","6:08",NA,NA,"SUB: Matthews FOR Barea",NA,NA,"5","200826","J.J. Barea","1610612742","Dallas","Mavericks","DAL","5","202083","Wesley Matthews","1610612742","Dallas","Mavericks","DAL","0","0",NA,NA,NA,NA,NA
"0021500371","196","8","0","2","7:50 PM","6:08",NA,NA,"SUB: Pachulia FOR McGee",NA,NA,"5","201580","JaVale McGee","1610612742","Dallas","Mavericks","DAL","5","2585","Zaza Pachulia","1610612742","Dallas","Mavericks","DAL","0","0",NA,NA,NA,NA,NA
"0021500371","197","5","8","2","7:51 PM","5:57",NA,NA,"Pachulia 3 Second Violation Turnover (P1.T7)",NA,NA,"5","2585","Zaza Pachulia","1610612742","Dallas","Mavericks","DAL","0","0",NA,NA,NA,NA,NA,"1","0",NA,NA,NA,NA,NA
"0021500371","198","9","4","2","7:51 PM","5:57",NA,NA,NA,NA,NA,"1","0",NA,NA,NA,NA,NA,"0","0",NA,NA,NA,NA,NA,"0","0",NA,NA,NA,NA,NA
"0021500371","202","1","57","2","7:53 PM","5:42","Miles 4' Driving Hook Shot (9 PTS) (Ellis 2 AST)",NA,NA,"31 - 37","6","4","101139","CJ Miles","1610612754","Indiana","Pacers","IND","4","101145","Monta Ellis","1610612754","Indiana","Pacers","IND","0","0",NA,NA,NA,NA,NA
"0021500371","203","2","1","2","7:54 PM","5:26",NA,NA,"MISS Villanueva 26' 3PT Jump Shot",NA,NA,"5","101111","Charlie Villanueva","1610612742","Dallas","Mavericks","DAL","0","0",NA,NA,NA,NA,NA,"0","0",NA,NA,NA,NA,NA
"0021500371","204","4","0","2","7:54 PM","5:25","Ellis REBOUND (Off:0 Def:2)",NA,NA,NA,NA,"4","101145","Monta Ellis","1610612754","Indiana","Pacers","IND","0","0",NA,NA,NA,NA,NA,"0","0",NA,NA,NA,NA,NA
"0021500371","205","2","41","2","7:54 PM","5:20","MISS Stuckey 1' Running Layup",NA,NA,NA,NA,"4","201155","Rodney Stuckey","1610612754","Indiana","Pacers","IND","0","0",NA,NA,NA,NA,NA,"0","0",NA,NA,NA,NA,NA
"0021500371","206","4","0","2","7:54 PM","5:19",NA,NA,"Pachulia REBOUND (Off:4 Def:6)",NA,NA,"5","2585","Zaza Pachulia","1610612742","Dallas","Mavericks","DAL","0","0",NA,NA,NA,NA,NA,"0","0",NA,NA,NA,NA,NA
"0021500371","207","1","79","2","7:54 PM","4:57",NA,NA,"Felton 27' 3PT Pullup Jump Shot (6 PTS)","34 - 37","3","5","101109","Raymond Felton","1610612742","Dallas","Mavericks","DAL","0","0",NA,NA,NA,NA,NA,"0","0",NA,NA,NA,NA,NA
"0021500371","208","2","79","2","7:55 PM","4:33","MISS Ellis 17' Pullup Jump Shot",NA,NA,NA,NA,"4","101145","Monta Ellis","1610612754","Indiana","Pacers","IND","0","0",NA,NA,NA,NA,NA,"0","0",NA,NA,NA,NA,NA
"0021500371","209","4","0","2","7:55 PM","4:32","Hill REBOUND (Off:1 Def:1)",NA,NA,NA,NA,"4","201941","Jordan Hill","1610612754","Indiana","Pacers","IND","0","0",NA,NA,NA,NA,NA,"0","0",NA,NA,NA,NA,NA
"0021500371","210","2","1","2","7:55 PM","4:29","MISS Hill 11' Jump Shot",NA,NA,NA,NA,"4","201941","Jordan Hill","1610612754","Indiana","Pacers","IND","0","0",NA,NA,NA,NA,NA,"0","0",NA,NA,NA,NA,NA
"0021500371","211","4","0","2","7:55 PM","4:29",NA,NA,"Pachulia REBOUND (Off:4 Def:7)",NA,NA,"5","2585","Zaza Pachulia","1610612742","Dallas","Mavericks","DAL","0","0",NA,NA,NA,NA,NA,"0","0",NA,NA,NA,NA,NA
"0021500371","212","1","1","2","7:55 PM","4:19",NA,NA,"Villanueva 27' 3PT Jump Shot (3 PTS) (D. Williams 3 AST)","37 - 37","TIE","5","101111","Charlie Villanueva","1610612742","Dallas","Mavericks","DAL","5","101114","Deron Williams","1610612742","Dallas","Mavericks","DAL","0","0",NA,NA,NA,NA,NA
"0021500371","213","7","5","2","7:55 PM","4:02",NA,NA,"D. Williams Violation:Kicked Ball (.)",NA,NA,"5","101114","Deron Williams","1610612742","Dallas","Mavericks","DAL","0","0",NA,NA,NA,NA,NA,"0","0",NA,NA,NA,NA,NA
"0021500371","214","8","0","2","7:55 PM","4:02","SUB: Mahinmi FOR Hill",NA,NA,NA,NA,"4","201941","Jordan Hill","1610612754","Indiana","Pacers","IND","4","101133","Ian Mahinmi","1610612754","Indiana","Pacers","IND","0","0",NA,NA,NA,NA,NA
"0021500371","215","8","0","2","7:55 PM","4:02","SUB: George FOR Miles",NA,NA,NA,NA,"4","101139","CJ Miles","1610612754","Indiana","Pacers","IND","4","202331","Paul George","1610612754","Indiana","Pacers","IND","0","0",NA,NA,NA,NA,NA
"0021500371","216","6","26","2","7:56 PM","3:49","Stuckey Offensive Charge Foul (P2.T3) (T.Washington)",NA,NA,NA,NA,"4","201155","Rodney Stuckey","1610612754","Indiana","Pacers","IND","5","101114","Deron Williams","1610612742","Dallas","Mavericks","DAL","1","0",NA,NA,NA,NA,NA
"0021500371","217","5","5","2","7:56 PM","3:49","Stuckey Foul Turnover (P1.T4)",NA,NA,NA,NA,"4","201155","Rodney Stuckey","1610612754","Indiana","Pacers","IND","0","0",NA,NA,NA,NA,NA,"1","0",NA,NA,NA,NA,NA
"0021500371","218","1","80","2","7:56 PM","3:25",NA,NA,"D. Williams 19' Step Back Jump Shot (5 PTS)","39 - 37","-2","5","101114","Deron Williams","1610612742","Dallas","Mavericks","DAL","0","0",NA,NA,NA,NA,NA,"0","0",NA,NA,NA,NA,NA
"0021500371","219","1","7","2","7:57 PM","3:12","Mahinmi  Dunk (4 PTS) (George 3 AST)",NA,NA,"39 - 39","TIE","4","101133","Ian Mahinmi","1610612754","Indiana","Pacers","IND","4","202331","Paul George","1610612754","Indiana","Pacers","IND","0","0",NA,NA,NA,NA,NA
"0021500371","220","2","44","2","7:57 PM","2:57",NA,NA,"MISS Matthews  Reverse Layup",NA,NA,"5","202083","Wesley Matthews","1610612742","Dallas","Mavericks","DAL","0","0",NA,NA,NA,NA,NA,"0","0",NA,NA,NA,NA,NA
"0021500371","221","4","0","2","7:57 PM","2:57","Mahinmi REBOUND (Off:0 Def:6)",NA,NA,NA,NA,"4","101133","Ian Mahinmi","1610612754","Indiana","Pacers","IND","0","0",NA,NA,NA,NA,NA,"0","0",NA,NA,NA,NA,NA
"0021500371","222","6","1","2","7:57 PM","2:56",NA,NA,"Matthews P.FOUL (P1.T4) (B.Taylor)",NA,NA,"5","202083","Wesley Matthews","1610612742","Dallas","Mavericks","DAL","4","101133","Ian Mahinmi","1610612754","Indiana","Pacers","IND","1","0",NA,NA,NA,NA,NA
"0021500371","223","9","1","2","7:57 PM","2:56","PACERS Timeout: Regular (Full 2 Short 0)",NA,NA,NA,NA,"2","1610612754",NA,NA,NA,NA,NA,"0","0",NA,NA,NA,NA,NA,"0","0",NA,NA,NA,NA,NA
"0021500371","225","8","0","2","7:59 PM","2:56","SUB: Miles FOR Stuckey",NA,NA,NA,NA,"4","201155","Rodney Stuckey","1610612754","Indiana","Pacers","IND","4","101139","CJ Miles","1610612754","Indiana","Pacers","IND","0","0",NA,NA,NA,NA,NA
"0021500371","226","8","0","2","7:59 PM","2:56","SUB: G. Hill FOR Budinger",NA,NA,NA,NA,"4","201978","Chase Budinger","1610612754","Indiana","Pacers","IND","4","201588","George Hill","1610612754","Indiana","Pacers","IND","0","0",NA,NA,NA,NA,NA
"0021500371","227","5","1","2","8:00 PM","2:41","Miles Bad Pass Turnover (P1.T5)",NA,"Matthews STEAL (1 STL)",NA,NA,"4","101139","CJ Miles","1610612754","Indiana","Pacers","IND","5","202083","Wesley Matthews","1610612742","Dallas","Mavericks","DAL","0","0",NA,NA,NA,NA,NA
"0021500371","228","1","1","2","8:00 PM","2:32",NA,NA,"Felton 27' 3PT Jump Shot (9 PTS)","42 - 39","-3","5","101109","Raymond Felton","1610612742","Dallas","Mavericks","DAL","0","0",NA,NA,NA,NA,NA,"0","0",NA,NA,NA,NA,NA
"0021500371","229","1","1","2","8:00 PM","2:14","Miles  3PT Jump Shot (12 PTS) (Mahinmi 2 AST)",NA,NA,"42 - 42","TIE","4","101139","CJ Miles","1610612754","Indiana","Pacers","IND","4","101133","Ian Mahinmi","1610612754","Indiana","Pacers","IND","0","0",NA,NA,NA,NA,NA
"0021500371","230","5","2","2","8:00 PM","1:57","George STEAL (1 STL)",NA,"Villanueva Lost Ball Turnover (P1.T8)",NA,NA,"5","101111","Charlie Villanueva","1610612742","Dallas","Mavericks","DAL","4","202331","Paul George","1610612754","Indiana","Pacers","IND","0","0",NA,NA,NA,NA,NA
"0021500371","231","6","2","2","8:01 PM","1:54",NA,NA,"Felton S.FOUL (P1.PN) (T.Washington)",NA,NA,"5","101109","Raymond Felton","1610612742","Dallas","Mavericks","DAL","4","201588","George Hill","1610612754","Indiana","Pacers","IND","1","0",NA,NA,NA,NA,NA
"0021500371","232","3","11","2","8:01 PM","1:54","MISS G. Hill Free Throw 1 of 2",NA,NA,NA,NA,"4","201588","George Hill","1610612754","Indiana","Pacers","IND","0","0",NA,NA,NA,NA,NA,"0","0",NA,NA,NA,NA,NA
"0021500371","233","4","1","2","8:01 PM","1:54","PACERS Rebound",NA,NA,NA,NA,"2","1610612754",NA,NA,NA,NA,NA,"0","0",NA,NA,NA,NA,NA,"0","0",NA,NA,NA,NA,NA
"0021500371","234","8","0","2","8:01 PM","1:54",NA,NA,"SUB: Nowitzki FOR Pachulia",NA,NA,"5","2585","Zaza Pachulia","1610612742","Dallas","Mavericks","DAL","5","1717","Dirk Nowitzki","1610612742","Dallas","Mavericks","DAL","0","0",NA,NA,NA,NA,NA
"0021500371","235","8","0","2","8:01 PM","1:54",NA,NA,"SUB: Parsons FOR Villanueva",NA,NA,"5","101111","Charlie Villanueva","1610612742","Dallas","Mavericks","DAL","5","202718","Chandler Parsons","1610612742","Dallas","Mavericks","DAL","0","0",NA,NA,NA,NA,NA
"0021500371","236","3","12","2","8:01 PM","1:54","MISS G. Hill Free Throw 2 of 2",NA,NA,NA,NA,"4","201588","George Hill","1610612754","Indiana","Pacers","IND","0","0",NA,NA,NA,NA,NA,"0","0",NA,NA,NA,NA,NA
"0021500371","238","4","0","2","8:02 PM","1:54",NA,NA,"Parsons REBOUND (Off:1 Def:2)",NA,NA,"5","202718","Chandler Parsons","1610612742","Dallas","Mavericks","DAL","0","0",NA,NA,NA,NA,NA,"0","0",NA,NA,NA,NA,NA
"0021500371","239","6","1","2","8:02 PM","1:41","Mahinmi P.FOUL (P2.T4) (T.Washington)",NA,NA,NA,NA,"4","101133","Ian Mahinmi","1610612754","Indiana","Pacers","IND","5","1717","Dirk Nowitzki","1610612742","Dallas","Mavericks","DAL","1","0",NA,NA,NA,NA,NA
"0021500371","240","1","75","2","8:02 PM","1:32",NA,NA,"Felton 3' Driving Finger Roll Layup (11 PTS)","44 - 42","-2","5","101109","Raymond Felton","1610612742","Dallas","Mavericks","DAL","0","0",NA,NA,NA,NA,NA,"0","0",NA,NA,NA,NA,NA
"0021500371","241","6","28","2","8:02 PM","1:26",NA,NA,"Parsons Personal Take Foul (P1.PN) (B.Taylor)",NA,NA,"5","202718","Chandler Parsons","1610612742","Dallas","Mavericks","DAL","4","101133","Ian Mahinmi","1610612754","Indiana","Pacers","IND","1","0",NA,NA,NA,NA,NA
"0021500371","242","3","11","2","8:02 PM","1:26","MISS Mahinmi Free Throw 1 of 2",NA,NA,NA,NA,"4","101133","Ian Mahinmi","1610612754","Indiana","Pacers","IND","0","0",NA,NA,NA,NA,NA,"0","0",NA,NA,NA,NA,NA
"0021500371","243","4","1","2","8:02 PM","1:26","PACERS Rebound",NA,NA,NA,NA,"2","1610612754",NA,NA,NA,NA,NA,"0","0",NA,NA,NA,NA,NA,"0","0",NA,NA,NA,NA,NA
"0021500371","244","3","12","2","8:03 PM","1:26","Mahinmi Free Throw 2 of 2 (5 PTS)",NA,NA,"44 - 43","-1","4","101133","Ian Mahinmi","1610612754","Indiana","Pacers","IND","0","0",NA,NA,NA,NA,NA,"0","0",NA,NA,NA,NA,NA
"0021500371","246","2","1","2","8:03 PM","1:12",NA,NA,"MISS Nowitzki 28' 3PT Jump Shot",NA,NA,"5","1717","Dirk Nowitzki","1610612742","Dallas","Mavericks","DAL","0","0",NA,NA,NA,NA,NA,"0","0",NA,NA,NA,NA,NA
"0021500371","247","4","0","2","8:03 PM","1:11","Miles REBOUND (Off:1 Def:2)",NA,NA,NA,NA,"4","101139","CJ Miles","1610612754","Indiana","Pacers","IND","0","0",NA,NA,NA,NA,NA,"0","0",NA,NA,NA,NA,NA
"0021500371","248","1","79","2","8:04 PM","1:01","George 17' Pullup Jump Shot (8 PTS)",NA,NA,"44 - 45","1","4","202331","Paul George","1610612754","Indiana","Pacers","IND","0","0",NA,NA,NA,NA,NA,"0","0",NA,NA,NA,NA,NA
"0021500371","249","2","1","2","8:04 PM","0:40",NA,NA,"MISS Nowitzki 27' 3PT Jump Shot",NA,NA,"5","1717","Dirk Nowitzki","1610612742","Dallas","Mavericks","DAL","0","0",NA,NA,NA,NA,NA,"0","0",NA,NA,NA,NA,NA
"0021500371","250","4","0","2","8:04 PM","0:39","George REBOUND (Off:0 Def:4)",NA,NA,NA,NA,"4","202331","Paul George","1610612754","Indiana","Pacers","IND","0","0",NA,NA,NA,NA,NA,"0","0",NA,NA,NA,NA,NA
"0021500371","251","2","1","2","8:04 PM","0:30","MISS George 26' 3PT Jump Shot",NA,NA,NA,NA,"4","202331","Paul George","1610612754","Indiana","Pacers","IND","0","0",NA,NA,NA,NA,NA,"0","0",NA,NA,NA,NA,NA
"0021500371","252","4","0","2","8:04 PM","0:30",NA,NA,"Felton REBOUND (Off:0 Def:2)",NA,NA,"5","101109","Raymond Felton","1610612742","Dallas","Mavericks","DAL","0","0",NA,NA,NA,NA,NA,"0","0",NA,NA,NA,NA,NA
"0021500371","253","2","74","2","8:04 PM","0:20",NA,NA,"MISS D. Williams 1' Running Reverse Layup",NA,NA,"5","101114","Deron Williams","1610612742","Dallas","Mavericks","DAL","0","0",NA,NA,NA,NA,NA,"0","0",NA,NA,NA,NA,NA
"0021500371","254","4","0","2","8:04 PM","0:20","Mahinmi REBOUND (Off:0 Def:7)",NA,NA,NA,NA,"4","101133","Ian Mahinmi","1610612754","Indiana","Pacers","IND","0","0",NA,NA,NA,NA,NA,"0","0",NA,NA,NA,NA,NA
"0021500371","255","6","28","2","8:04 PM","0:13",NA,NA,"Parsons Personal Take Foul (P2.PN) (B.Taylor)",NA,NA,"5","202718","Chandler Parsons","1610612742","Dallas","Mavericks","DAL","4","101133","Ian Mahinmi","1610612754","Indiana","Pacers","IND","1","0",NA,NA,NA,NA,NA
"0021500371","256","3","11","2","8:05 PM","0:13","MISS Mahinmi Free Throw 1 of 2",NA,NA,NA,NA,"4","101133","Ian Mahinmi","1610612754","Indiana","Pacers","IND","0","0",NA,NA,NA,NA,NA,"0","0",NA,NA,NA,NA,NA
"0021500371","257","4","1","2","8:05 PM","0:13","PACERS Rebound",NA,NA,NA,NA,"2","1610612754",NA,NA,NA,NA,NA,"0","0",NA,NA,NA,NA,NA,"0","0",NA,NA,NA,NA,NA
"0021500371","258","8","0","2","8:05 PM","0:13","SUB: Budinger FOR Miles",NA,NA,NA,NA,"4","101139","CJ Miles","1610612754","Indiana","Pacers","IND","4","201978","Chase Budinger","1610612754","Indiana","Pacers","IND","0","0",NA,NA,NA,NA,NA
"0021500371","259","3","12","2","8:05 PM","0:13","MISS Mahinmi Free Throw 2 of 2",NA,NA,NA,NA,"4","101133","Ian Mahinmi","1610612754","Indiana","Pacers","IND","0","0",NA,NA,NA,NA,NA,"0","0",NA,NA,NA,NA,NA
"0021500371","261","4","0","2","8:05 PM","0:13",NA,NA,"Matthews REBOUND (Off:0 Def:3)",NA,NA,"5","202083","Wesley Matthews","1610612742","Dallas","Mavericks","DAL","0","0",NA,NA,NA,NA,NA,"0","0",NA,NA,NA,NA,NA
"0021500371","262","1","79","2","8:05 PM","0:00",NA,NA,"Felton 28' 3PT Pullup Jump Shot (14 PTS)","47 - 45","-2","5","101109","Raymond Felton","1610612742","Dallas","Mavericks","DAL","0","0",NA,NA,NA,NA,NA,"0","0",NA,NA,NA,NA,NA
"0021500371","263","13","0","2","8:05 PM","0:00",NA,NA,NA,"47 - 45","-2","0","0",NA,NA,NA,NA,NA,"0","0",NA,NA,NA,NA,NA,"0","0",NA,NA,NA,NA,NA
"0021500371","265","12","0","3","8:22 PM","12:00",NA,NA,NA,"47 - 45","-2","0","0",NA,NA,NA,NA,NA,"0","0",NA,NA,NA,NA,NA,"0","0",NA,NA,NA,NA,NA
"0021500371","266","2","1","3","8:22 PM","11:46","MISS Ellis 20' Jump Shot",NA,NA,NA,NA,"4","101145","Monta Ellis","1610612754","Indiana","Pacers","IND","0","0",NA,NA,NA,NA,NA,"0","0",NA,NA,NA,NA,NA
"0021500371","267","4","0","3","8:22 PM","11:46",NA,NA,"Felton REBOUND (Off:0 Def:3)",NA,NA,"5","101109","Raymond Felton","1610612742","Dallas","Mavericks","DAL","0","0",NA,NA,NA,NA,NA,"0","0",NA,NA,NA,NA,NA
"0021500371","268","2","42","3","8:22 PM","11:35",NA,NA,"MISS Felton  Driving Layup",NA,NA,"5","101109","Raymond Felton","1610612742","Dallas","Mavericks","DAL","0","0",NA,NA,NA,NA,NA,"0","0",NA,NA,NA,NA,NA
"0021500371","269","4","0","3","8:22 PM","11:35","Allen REBOUND (Off:1 Def:2)",NA,NA,NA,NA,"4","202730","Lavoy Allen","1610612754","Indiana","Pacers","IND","0","0",NA,NA,NA,NA,NA,"0","0",NA,NA,NA,NA,NA
"0021500371","270","2","79","3","8:22 PM","11:25","MISS George 13' Pullup Jump Shot",NA,NA,NA,NA,"4","202331","Paul George","1610612754","Indiana","Pacers","IND","0","0",NA,NA,NA,NA,NA,"0","0",NA,NA,NA,NA,NA
"0021500371","271","4","0","3","8:22 PM","11:25",NA,NA,"Nowitzki REBOUND (Off:0 Def:4)",NA,NA,"5","1717","Dirk Nowitzki","1610612742","Dallas","Mavericks","DAL","0","0",NA,NA,NA,NA,NA,"0","0",NA,NA,NA,NA,NA
"0021500371","272","2","1","3","8:22 PM","11:07",NA,NA,"MISS D. Williams 27' 3PT Jump Shot",NA,NA,"5","101114","Deron Williams","1610612742","Dallas","Mavericks","DAL","0","0",NA,NA,NA,NA,NA,"0","0",NA,NA,NA,NA,NA
"0021500371","273","4","0","3","8:22 PM","11:06","Mahinmi REBOUND (Off:0 Def:8)",NA,NA,NA,NA,"4","101133","Ian Mahinmi","1610612754","Indiana","Pacers","IND","0","0",NA,NA,NA,NA,NA,"0","0",NA,NA,NA,NA,NA
"0021500371","274","1","79","3","8:23 PM","10:46","George 19' Pullup Jump Shot (10 PTS)",NA,NA,"47 - 47","TIE","4","202331","Paul George","1610612754","Indiana","Pacers","IND","0","0",NA,NA,NA,NA,NA,"0","0",NA,NA,NA,NA,NA
"0021500371","275","6","1","3","8:23 PM","10:29","George P.FOUL (P2.T1) (S.Wall)",NA,NA,NA,NA,"4","202331","Paul George","1610612754","Indiana","Pacers","IND","5","2585","Zaza Pachulia","1610612742","Dallas","Mavericks","DAL","1","0",NA,NA,NA,NA,NA
"0021500371","276","2","1","3","8:24 PM","10:18",NA,NA,"MISS Matthews 27' 3PT Jump Shot",NA,NA,"5","202083","Wesley Matthews","1610612742","Dallas","Mavericks","DAL","0","0",NA,NA,NA,NA,NA,"0","0",NA,NA,NA,NA,NA
"0021500371","277","4","0","3","8:24 PM","10:18","Mahinmi REBOUND (Off:0 Def:9)",NA,NA,NA,NA,"4","101133","Ian Mahinmi","1610612754","Indiana","Pacers","IND","0","0",NA,NA,NA,NA,NA,"0","0",NA,NA,NA,NA,NA
"0021500371","278","2","80","3","8:24 PM","10:03","MISS Allen 10' Step Back Jump Shot",NA,NA,NA,NA,"4","202730","Lavoy Allen","1610612754","Indiana","Pacers","IND","0","0",NA,NA,NA,NA,NA,"0","0",NA,NA,NA,NA,NA
"0021500371","279","4","0","3","8:24 PM","10:03",NA,NA,"Nowitzki REBOUND (Off:0 Def:5)",NA,NA,"5","1717","Dirk Nowitzki","1610612742","Dallas","Mavericks","DAL","0","0",NA,NA,NA,NA,NA,"0","0",NA,NA,NA,NA,NA
"0021500371","280","2","1","3","8:24 PM","9:51",NA,NA,"MISS Felton 27' 3PT Jump Shot",NA,NA,"5","101109","Raymond Felton","1610612742","Dallas","Mavericks","DAL","0","0",NA,NA,NA,NA,NA,"0","0",NA,NA,NA,NA,NA
"0021500371","281","4","0","3","8:24 PM","9:50","George REBOUND (Off:0 Def:5)",NA,NA,NA,NA,"4","202331","Paul George","1610612754","Indiana","Pacers","IND","0","0",NA,NA,NA,NA,NA,"0","0",NA,NA,NA,NA,NA
"0021500371","282","2","42","3","8:24 PM","9:43","MISS George 3' Driving Layup",NA,"Matthews BLOCK (1 BLK)",NA,NA,"4","202331","Paul George","1610612754","Indiana","Pacers","IND","0","0",NA,NA,NA,NA,NA,"5","202083","Wesley Matthews","1610612742","Dallas","Mavericks","DAL"
"0021500371","283","4","0","3","8:24 PM","9:42",NA,NA,"Matthews REBOUND (Off:0 Def:4)",NA,NA,"5","202083","Wesley Matthews","1610612742","Dallas","Mavericks","DAL","0","0",NA,NA,NA,NA,NA,"0","0",NA,NA,NA,NA,NA
"0021500371","284","2","1","3","8:24 PM","9:36",NA,NA,"MISS Matthews 25' 3PT Jump Shot",NA,NA,"5","202083","Wesley Matthews","1610612742","Dallas","Mavericks","DAL","0","0",NA,NA,NA,NA,NA,"0","0",NA,NA,NA,NA,NA
"0021500371","285","4","0","3","8:24 PM","9:35","PACERS Rebound",NA,NA,NA,NA,"2","1610612754",NA,NA,NA,NA,NA,"0","0",NA,NA,NA,NA,NA,"0","0",NA,NA,NA,NA,NA
"0021500371","286","6","1","3","8:25 PM","9:23",NA,NA,"Matthews P.FOUL (P2.T1) (B.Taylor)",NA,NA,"5","202083","Wesley Matthews","1610612742","Dallas","Mavericks","DAL","4","202331","Paul George","1610612754","Indiana","Pacers","IND","1","0",NA,NA,NA,NA,NA
"0021500371","287","8","0","3","8:25 PM","9:23",NA,NA,"SUB: Parsons FOR Matthews",NA,NA,"5","202083","Wesley Matthews","1610612742","Dallas","Mavericks","DAL","5","202718","Chandler Parsons","1610612742","Dallas","Mavericks","DAL","0","0",NA,NA,NA,NA,NA
"0021500371","288","1","79","3","8:25 PM","9:13","Ellis 18' Pullup Jump Shot (2 PTS) (Mahinmi 3 AST)",NA,NA,"47 - 49","2","4","101145","Monta Ellis","1610612754","Indiana","Pacers","IND","4","101133","Ian Mahinmi","1610612754","Indiana","Pacers","IND","0","0",NA,NA,NA,NA,NA
"0021500371","289","1","47","3","8:25 PM","8:55",NA,NA,"Nowitzki 16' Turnaround Jump Shot (6 PTS)","49 - 49","TIE","5","1717","Dirk Nowitzki","1610612742","Dallas","Mavericks","DAL","0","0",NA,NA,NA,NA,NA,"0","0",NA,NA,NA,NA,NA
"0021500371","290","2","42","3","8:26 PM","8:31","MISS George  Driving Layup",NA,NA,NA,NA,"4","202331","Paul George","1610612754","Indiana","Pacers","IND","0","0",NA,NA,NA,NA,NA,"0","0",NA,NA,NA,NA,NA
"0021500371","291","4","0","3","8:26 PM","8:30",NA,NA,"Pachulia REBOUND (Off:4 Def:8)",NA,NA,"5","2585","Zaza Pachulia","1610612742","Dallas","Mavericks","DAL","0","0",NA,NA,NA,NA,NA,"0","0",NA,NA,NA,NA,NA
"0021500371","292","5","2","3","8:26 PM","8:22","Ellis STEAL (2 STL)",NA,"Nowitzki Lost Ball Turnover (P2.T9)",NA,NA,"5","1717","Dirk Nowitzki","1610612742","Dallas","Mavericks","DAL","4","101145","Monta Ellis","1610612754","Indiana","Pacers","IND","0","0",NA,NA,NA,NA,NA
"0021500371","293","1","50","3","8:26 PM","8:17","Ellis  Running Dunk (4 PTS)",NA,NA,"49 - 51","2","4","101145","Monta Ellis","1610612754","Indiana","Pacers","IND","0","0",NA,NA,NA,NA,NA,"0","0",NA,NA,NA,NA,NA
"0021500371","294","2","1","3","8:26 PM","7:58",NA,NA,"MISS Pachulia 13' Jump Shot",NA,NA,"5","2585","Zaza Pachulia","1610612742","Dallas","Mavericks","DAL","0","0",NA,NA,NA,NA,NA,"0","0",NA,NA,NA,NA,NA
"0021500371","295","4","0","3","8:26 PM","7:56","Allen REBOUND (Off:1 Def:3)",NA,NA,NA,NA,"4","202730","Lavoy Allen","1610612754","Indiana","Pacers","IND","0","0",NA,NA,NA,NA,NA,"0","0",NA,NA,NA,NA,NA
"0021500371","296","1","76","3","8:27 PM","7:50","Ellis 1' Running Finger Roll Layup (6 PTS)",NA,NA,"49 - 53","4","4","101145","Monta Ellis","1610612754","Indiana","Pacers","IND","0","0",NA,NA,NA,NA,NA,"0","0",NA,NA,NA,NA,NA
"0021500371","297","9","1","3","8:27 PM","7:49",NA,NA,"Mavericks Timeout: Regular (Reg.3 Short 1)",NA,NA,"3","1610612742",NA,NA,NA,NA,NA,"0","0",NA,NA,NA,NA,NA,"0","0",NA,NA,NA,NA,NA
"0021500371","299","1","1","3","8:29 PM","7:41",NA,NA,"D. Williams  3PT Jump Shot (8 PTS) (Felton 1 AST)","52 - 53","1","5","101114","Deron Williams","1610612742","Dallas","Mavericks","DAL","5","101109","Raymond Felton","1610612742","Dallas","Mavericks","DAL","0","0",NA,NA,NA,NA,NA
"0021500371","300","5","45","3","8:29 PM","7:23","George Out of Bounds - Bad Pass Turnover Turnover (P3.T6)",NA,NA,NA,NA,"4","202331","Paul George","1610612754","Indiana","Pacers","IND","0","0",NA,NA,NA,NA,NA,"0","0",NA,NA,NA,NA,NA
"0021500371","301","2","1","3","8:30 PM","7:13",NA,NA,"MISS D. Williams 25' 3PT Jump Shot",NA,NA,"5","101114","Deron Williams","1610612742","Dallas","Mavericks","DAL","0","0",NA,NA,NA,NA,NA,"0","0",NA,NA,NA,NA,NA
"0021500371","302","4","0","3","8:30 PM","7:12","PACERS Rebound",NA,NA,NA,NA,"2","1610612754",NA,NA,NA,NA,NA,"0","0",NA,NA,NA,NA,NA,"0","0",NA,NA,NA,NA,NA
"0021500371","303","1","79","3","8:30 PM","7:05","George 19' Pullup Jump Shot (12 PTS)",NA,NA,"52 - 55","3","4","202331","Paul George","1610612754","Indiana","Pacers","IND","0","0",NA,NA,NA,NA,NA,"0","0",NA,NA,NA,NA,NA
"0021500371","304","1","1","3","8:30 PM","6:49",NA,NA,"Nowitzki 16' Jump Shot (8 PTS) (D. Williams 4 AST)","54 - 55","1","5","1717","Dirk Nowitzki","1610612742","Dallas","Mavericks","DAL","5","101114","Deron Williams","1610612742","Dallas","Mavericks","DAL","0","0",NA,NA,NA,NA,NA
"0021500371","305","2","1","3","8:30 PM","6:37","MISS Ellis 26' 3PT Jump Shot",NA,NA,NA,NA,"4","101145","Monta Ellis","1610612754","Indiana","Pacers","IND","0","0",NA,NA,NA,NA,NA,"0","0",NA,NA,NA,NA,NA
"0021500371","306","4","0","3","8:31 PM","6:35",NA,NA,"Nowitzki REBOUND (Off:0 Def:6)",NA,NA,"5","1717","Dirk Nowitzki","1610612742","Dallas","Mavericks","DAL","0","0",NA,NA,NA,NA,NA,"0","0",NA,NA,NA,NA,NA
"0021500371","307","2","5","3","8:31 PM","6:16",NA,NA,"MISS Parsons 2' Layup",NA,NA,"5","202718","Chandler Parsons","1610612742","Dallas","Mavericks","DAL","0","0",NA,NA,NA,NA,NA,"0","0",NA,NA,NA,NA,NA
"0021500371","308","4","0","3","8:31 PM","6:16","Mahinmi REBOUND (Off:0 Def:10)",NA,NA,NA,NA,"4","101133","Ian Mahinmi","1610612754","Indiana","Pacers","IND","0","0",NA,NA,NA,NA,NA,"0","0",NA,NA,NA,NA,NA
"0021500371","309","1","98","3","8:31 PM","6:09","Allen 1' Cutting Layup Shot (4 PTS) (Ellis 3 AST)",NA,NA,"54 - 57","3","4","202730","Lavoy Allen","1610612754","Indiana","Pacers","IND","4","101145","Monta Ellis","1610612754","Indiana","Pacers","IND","0","0",NA,NA,NA,NA,NA
"0021500371","310","1","79","3","8:31 PM","5:48",NA,NA,"Nowitzki 17' Pullup Jump Shot (10 PTS)","56 - 57","1","5","1717","Dirk Nowitzki","1610612742","Dallas","Mavericks","DAL","0","0",NA,NA,NA,NA,NA,"0","0",NA,NA,NA,NA,NA
"0021500371","311","1","1","3","8:31 PM","5:38","George 21' Jump Shot (14 PTS)",NA,NA,"56 - 59","3","4","202331","Paul George","1610612754","Indiana","Pacers","IND","0","0",NA,NA,NA,NA,NA,"0","0",NA,NA,NA,NA,NA
"0021500371","312","2","1","3","8:32 PM","5:17",NA,NA,"MISS Nowitzki 27' 3PT Jump Shot",NA,NA,"5","1717","Dirk Nowitzki","1610612742","Dallas","Mavericks","DAL","0","0",NA,NA,NA,NA,NA,"0","0",NA,NA,NA,NA,NA
"0021500371","313","4","0","3","8:32 PM","5:17","George REBOUND (Off:0 Def:6)",NA,NA,NA,NA,"4","202331","Paul George","1610612754","Indiana","Pacers","IND","0","0",NA,NA,NA,NA,NA,"0","0",NA,NA,NA,NA,NA
"0021500371","314","1","79","3","8:32 PM","5:06","George 10' Pullup Jump Shot (16 PTS)",NA,NA,"56 - 61","5","4","202331","Paul George","1610612754","Indiana","Pacers","IND","0","0",NA,NA,NA,NA,NA,"0","0",NA,NA,NA,NA,NA
"0021500371","315","9","2","3","8:32 PM","5:05",NA,NA,"Mavericks Timeout: Short (Reg.3 Short 2)",NA,NA,"3","1610612742",NA,NA,NA,NA,NA,"0","0",NA,NA,NA,NA,NA,"0","0",NA,NA,NA,NA,NA
"0021500371","317","8","0","3","8:33 PM","5:05",NA,NA,"SUB: Villanueva FOR Nowitzki",NA,NA,"5","1717","Dirk Nowitzki","1610612742","Dallas","Mavericks","DAL","5","101111","Charlie Villanueva","1610612742","Dallas","Mavericks","DAL","0","0",NA,NA,NA,NA,NA
"0021500371","318","5","1","3","8:34 PM","4:46","G. Hill STEAL (2 STL)",NA,"Parsons Bad Pass Turnover (P2.T10)",NA,NA,"5","202718","Chandler Parsons","1610612742","Dallas","Mavericks","DAL","4","201588","George Hill","1610612754","Indiana","Pacers","IND","0","0",NA,NA,NA,NA,NA
"0021500371","319","2","1","3","8:34 PM","4:27","MISS G. Hill  3PT Jump Shot",NA,NA,NA,NA,"4","201588","George Hill","1610612754","Indiana","Pacers","IND","0","0",NA,NA,NA,NA,NA,"0","0",NA,NA,NA,NA,NA
"0021500371","320","4","0","3","8:34 PM","4:26","PACERS Rebound",NA,NA,NA,NA,"2","1610612754",NA,NA,NA,NA,NA,"0","0",NA,NA,NA,NA,NA,"0","0",NA,NA,NA,NA,NA
"0021500371","321","7","5","3","8:34 PM","4:26",NA,NA,"Pachulia Violation:Kicked Ball (.)",NA,NA,"5","2585","Zaza Pachulia","1610612742","Dallas","Mavericks","DAL","0","0",NA,NA,NA,NA,NA,"0","0",NA,NA,NA,NA,NA
"0021500371","322","8","0","3","8:34 PM","4:26","SUB: Stuckey FOR G. Hill",NA,NA,NA,NA,"4","201588","George Hill","1610612754","Indiana","Pacers","IND","4","201155","Rodney Stuckey","1610612754","Indiana","Pacers","IND","0","0",NA,NA,NA,NA,NA
"0021500371","323","8","0","3","8:34 PM","4:26",NA,NA,"SUB: Matthews FOR Felton",NA,NA,"5","101109","Raymond Felton","1610612742","Dallas","Mavericks","DAL","5","202083","Wesley Matthews","1610612742","Dallas","Mavericks","DAL","0","0",NA,NA,NA,NA,NA
"0021500371","324","6","11","3","8:35 PM","4:26",NA,NA,"Nowitzki T.FOUL (P0.T1) (S.Wall)",NA,NA,"5","1717","Dirk Nowitzki","1610612742","Dallas","Mavericks","DAL","0","0",NA,NA,NA,NA,NA,"1","0",NA,NA,NA,NA,NA
"0021500371","325","3","16","3","8:35 PM","4:26","George Free Throw Technical (17 PTS)",NA,NA,"56 - 62","6","4","202331","Paul George","1610612754","Indiana","Pacers","IND","0","0",NA,NA,NA,NA,NA,"0","0",NA,NA,NA,NA,NA
"0021500371","327","2","79","3","8:35 PM","4:11","MISS Stuckey 18' Pullup Jump Shot",NA,NA,NA,NA,"4","201155","Rodney Stuckey","1610612754","Indiana","Pacers","IND","0","0",NA,NA,NA,NA,NA,"0","0",NA,NA,NA,NA,NA
"0021500371","328","4","0","3","8:36 PM","4:11","PACERS Rebound",NA,NA,NA,NA,"2","1610612754",NA,NA,NA,NA,NA,"0","0",NA,NA,NA,NA,NA,"0","0",NA,NA,NA,NA,NA
"0021500371","329","6","3","3","8:36 PM","4:11",NA,NA,"Villanueva L.B.FOUL (P1.T2) (B.Taylor)",NA,NA,"5","101111","Charlie Villanueva","1610612742","Dallas","Mavericks","DAL","4","202730","Lavoy Allen","1610612754","Indiana","Pacers","IND","1","0",NA,NA,NA,NA,NA
"0021500371","331","1","99","3","8:36 PM","3:53","Allen 2' Cutting Finger Roll Layup Shot (6 PTS) (Stuckey 2 AST)",NA,NA,"56 - 64","8","4","202730","Lavoy Allen","1610612754","Indiana","Pacers","IND","4","201155","Rodney Stuckey","1610612754","Indiana","Pacers","IND","0","0",NA,NA,NA,NA,NA
"0021500371","332","1","1","3","8:37 PM","3:44",NA,NA,"Villanueva 13' Jump Shot (5 PTS) (D. Williams 5 AST)","58 - 64","6","5","101111","Charlie Villanueva","1610612742","Dallas","Mavericks","DAL","5","101114","Deron Williams","1610612742","Dallas","Mavericks","DAL","0","0",NA,NA,NA,NA,NA
"0021500371","333","9","1","3","8:37 PM","3:44","PACERS Timeout: Regular (Full 3 Short 0)",NA,NA,NA,NA,"2","1610612754",NA,NA,NA,NA,NA,"0","0",NA,NA,NA,NA,NA,"0","0",NA,NA,NA,NA,NA
"0021500371","335","18","0","3","8:37 PM","3:44",NA,NA,NA,NA,NA,NA,"311",NA,NA,NA,NA,NA,"0","0",NA,NA,NA,NA,NA,"1","0",NA,NA,NA,NA,NA
"0021500371","336","8","0","3","8:39 PM","3:44","SUB: Hill FOR Allen",NA,NA,NA,NA,"4","202730","Lavoy Allen","1610612754","Indiana","Pacers","IND","4","201941","Jordan Hill","1610612754","Indiana","Pacers","IND","0","0",NA,NA,NA,NA,NA
"0021500371","337","8","0","3","8:39 PM","3:44","SUB: Miles FOR Mahinmi",NA,NA,NA,NA,"4","101133","Ian Mahinmi","1610612754","Indiana","Pacers","IND","4","101139","CJ Miles","1610612754","Indiana","Pacers","IND","0","0",NA,NA,NA,NA,NA
"0021500371","339","1","1","3","8:39 PM","3:25","Ellis 25' 3PT Jump Shot (9 PTS) (Stuckey 3 AST)",NA,NA,"58 - 67","9","4","101145","Monta Ellis","1610612754","Indiana","Pacers","IND","4","201155","Rodney Stuckey","1610612754","Indiana","Pacers","IND","0","0",NA,NA,NA,NA,NA
"0021500371","340","2","58","3","8:40 PM","3:06",NA,NA,"MISS Pachulia 7' Turnaround Hook Shot",NA,NA,"5","2585","Zaza Pachulia","1610612742","Dallas","Mavericks","DAL","0","0",NA,NA,NA,NA,NA,"0","0",NA,NA,NA,NA,NA
"0021500371","341","4","0","3","8:40 PM","3:06","Miles REBOUND (Off:1 Def:3)",NA,NA,NA,NA,"4","101139","CJ Miles","1610612754","Indiana","Pacers","IND","0","0",NA,NA,NA,NA,NA,"0","0",NA,NA,NA,NA,NA
"0021500371","343","6","2","3","8:40 PM","2:55",NA,NA,"Pachulia S.FOUL (P2.T3) (S.Wall)",NA,NA,"5","2585","Zaza Pachulia","1610612742","Dallas","Mavericks","DAL","4","202331","Paul George","1610612754","Indiana","Pacers","IND","1","0",NA,NA,NA,NA,NA
"0021500371","344","3","11","3","8:40 PM","2:55","George Free Throw 1 of 2 (18 PTS)",NA,NA,"58 - 68","10","4","202331","Paul George","1610612754","Indiana","Pacers","IND","0","0",NA,NA,NA,NA,NA,"0","0",NA,NA,NA,NA,NA
"0021500371","346","3","12","3","8:40 PM","2:55","George Free Throw 2 of 2 (19 PTS)",NA,NA,"58 - 69","11","4","202331","Paul George","1610612754","Indiana","Pacers","IND","0","0",NA,NA,NA,NA,NA,"0","0",NA,NA,NA,NA,NA
"0021500371","348","2","1","3","8:41 PM","2:32",NA,NA,"MISS D. Williams 20' Jump Shot",NA,NA,"5","101114","Deron Williams","1610612742","Dallas","Mavericks","DAL","0","0",NA,NA,NA,NA,NA,"0","0",NA,NA,NA,NA,NA
"0021500371","349","4","0","3","8:41 PM","2:32",NA,NA,"Pachulia REBOUND (Off:5 Def:8)",NA,NA,"5","2585","Zaza Pachulia","1610612742","Dallas","Mavericks","DAL","0","0",NA,NA,NA,NA,NA,"0","0",NA,NA,NA,NA,NA
"0021500371","351","2","72","3","8:41 PM","2:31","George BLOCK (1 BLK)",NA,"MISS Pachulia 1' Putback Layup",NA,NA,"5","2585","Zaza Pachulia","1610612742","Dallas","Mavericks","DAL","0","0",NA,NA,NA,NA,NA,"4","202331","Paul George","1610612754","Indiana","Pacers","IND"
"0021500371","352","4","0","3","8:41 PM","2:31",NA,NA,"Mavericks Rebound",NA,NA,"3","1610612742",NA,NA,NA,NA,NA,"0","0",NA,NA,NA,NA,NA,"0","0",NA,NA,NA,NA,NA
"0021500371","353","1","98","3","8:41 PM","2:29",NA,NA,"Parsons 1' Cutting Layup Shot (7 PTS) (D. Williams 6 AST)","60 - 69","9","5","202718","Chandler Parsons","1610612742","Dallas","Mavericks","DAL","5","101114","Deron Williams","1610612742","Dallas","Mavericks","DAL","0","0",NA,NA,NA,NA,NA
"0021500371","354","2","1","3","8:42 PM","2:09","MISS George  3PT Jump Shot",NA,NA,NA,NA,"4","202331","Paul George","1610612754","Indiana","Pacers","IND","0","0",NA,NA,NA,NA,NA,"0","0",NA,NA,NA,NA,NA
"0021500371","355","4","0","3","8:42 PM","2:08","Hill REBOUND (Off:2 Def:1)",NA,NA,NA,NA,"4","201941","Jordan Hill","1610612754","Indiana","Pacers","IND","0","0",NA,NA,NA,NA,NA,"0","0",NA,NA,NA,NA,NA
"0021500371","356","2","1","3","8:42 PM","2:03","MISS Miles 26' 3PT Jump Shot",NA,NA,NA,NA,"4","101139","CJ Miles","1610612754","Indiana","Pacers","IND","0","0",NA,NA,NA,NA,NA,"0","0",NA,NA,NA,NA,NA
"0021500371","357","4","0","3","8:42 PM","2:02",NA,NA,"Villanueva REBOUND (Off:0 Def:1)",NA,NA,"5","101111","Charlie Villanueva","1610612742","Dallas","Mavericks","DAL","0","0",NA,NA,NA,NA,NA,"0","0",NA,NA,NA,NA,NA
"0021500371","358","2","101","3","8:42 PM","1:53",NA,NA,"MISS Villanueva 6' Driving Floating Jump Shot",NA,NA,"5","101111","Charlie Villanueva","1610612742","Dallas","Mavericks","DAL","0","0",NA,NA,NA,NA,NA,"0","0",NA,NA,NA,NA,NA
"0021500371","360","4","0","3","8:42 PM","1:52",NA,NA,"Pachulia REBOUND (Off:6 Def:8)",NA,NA,"5","2585","Zaza Pachulia","1610612742","Dallas","Mavericks","DAL","0","0",NA,NA,NA,NA,NA,"0","0",NA,NA,NA,NA,NA
"0021500371","359","2","97","3","8:42 PM","1:52",NA,NA,"MISS Pachulia 2' Tip Layup Shot",NA,NA,"5","2585","Zaza Pachulia","1610612742","Dallas","Mavericks","DAL","0","0",NA,NA,NA,NA,NA,"0","0",NA,NA,NA,NA,NA
"0021500371","362","4","0","3","8:42 PM","1:50",NA,NA,"Villanueva REBOUND (Off:1 Def:1)",NA,NA,"5","101111","Charlie Villanueva","1610612742","Dallas","Mavericks","DAL","0","0",NA,NA,NA,NA,NA,"0","0",NA,NA,NA,NA,NA
"0021500371","361","1","97","3","8:42 PM","1:50",NA,NA,"Villanueva 1' Tip Layup Shot (7 PTS)","62 - 69","7","5","101111","Charlie Villanueva","1610612742","Dallas","Mavericks","DAL","0","0",NA,NA,NA,NA,NA,"0","0",NA,NA,NA,NA,NA
"0021500371","363","1","42","3","8:42 PM","1:32","Miles  Driving Layup (14 PTS)",NA,NA,"62 - 71","9","4","101139","CJ Miles","1610612754","Indiana","Pacers","IND","0","0",NA,NA,NA,NA,NA,"0","0",NA,NA,NA,NA,NA
"0021500371","364","6","1","3","8:43 PM","1:19","Miles P.FOUL (P3.T2) (S.Wall)",NA,NA,NA,NA,"4","101139","CJ Miles","1610612754","Indiana","Pacers","IND","5","101114","Deron Williams","1610612742","Dallas","Mavericks","DAL","1","0",NA,NA,NA,NA,NA
"0021500371","365","1","80","3","8:43 PM","1:08",NA,NA,"Matthews 11' Step Back Jump Shot (2 PTS)","64 - 71","7","5","202083","Wesley Matthews","1610612742","Dallas","Mavericks","DAL","0","0",NA,NA,NA,NA,NA,"0","0",NA,NA,NA,NA,NA
"0021500371","366","6","6","3","8:43 PM","1:08","Hill AWAY.FROM.PLAY.FOUL (P1.PN) (T.Washington)",NA,NA,NA,NA,"4","201941","Jordan Hill","1610612754","Indiana","Pacers","IND","5","2585","Zaza Pachulia","1610612742","Dallas","Mavericks","DAL","1","0",NA,NA,NA,NA,NA
"0021500371","372","8","0","3","8:44 PM","1:08",NA,NA,"SUB: Barea FOR D. Williams",NA,NA,"5","101114","Deron Williams","1610612742","Dallas","Mavericks","DAL","5","200826","J.J. Barea","1610612742","Dallas","Mavericks","DAL","0","0",NA,NA,NA,NA,NA
"0021500371","367","3","10","3","8:44 PM","1:08",NA,NA,"MISS Pachulia Free Throw 1 of 1",NA,NA,"5","2585","Zaza Pachulia","1610612742","Dallas","Mavericks","DAL","0","0",NA,NA,NA,NA,NA,"0","0",NA,NA,NA,NA,NA
"0021500371","369","4","0","3","8:44 PM","1:08","Miles REBOUND (Off:1 Def:4)",NA,NA,NA,NA,"4","101139","CJ Miles","1610612754","Indiana","Pacers","IND","0","0",NA,NA,NA,NA,NA,"0","0",NA,NA,NA,NA,NA
"0021500371","371","6","2","3","8:44 PM","0:52",NA,NA,"Barea S.FOUL (P1.T4) (B.Taylor)",NA,NA,"5","200826","J.J. Barea","1610612742","Dallas","Mavericks","DAL","4","101145","Monta Ellis","1610612754","Indiana","Pacers","IND","1","0",NA,NA,NA,NA,NA
"0021500371","373","3","11","3","8:45 PM","0:52","Ellis Free Throw 1 of 2 (10 PTS)",NA,NA,"64 - 72","8","4","101145","Monta Ellis","1610612754","Indiana","Pacers","IND","0","0",NA,NA,NA,NA,NA,"0","0",NA,NA,NA,NA,NA
"0021500371","375","3","12","3","8:45 PM","0:52","Ellis Free Throw 2 of 2 (11 PTS)",NA,NA,"64 - 73","9","4","101145","Monta Ellis","1610612754","Indiana","Pacers","IND","0","0",NA,NA,NA,NA,NA,"0","0",NA,NA,NA,NA,NA
"0021500371","379","5","1","3","8:45 PM","0:34","Stuckey STEAL (2 STL)",NA,"Parsons Bad Pass Turnover (P3.T11)",NA,NA,"5","202718","Chandler Parsons","1610612742","Dallas","Mavericks","DAL","4","201155","Rodney Stuckey","1610612754","Indiana","Pacers","IND","0","0",NA,NA,NA,NA,NA
"0021500371","380","1","108","3","8:45 PM","0:31","Ellis  Cutting Dunk Shot (13 PTS) (Stuckey 4 AST)",NA,NA,"64 - 75","11","4","101145","Monta Ellis","1610612754","Indiana","Pacers","IND","4","201155","Rodney Stuckey","1610612754","Indiana","Pacers","IND","0","0",NA,NA,NA,NA,NA
"0021500371","382","2","5","3","8:46 PM","0:14",NA,NA,"MISS Barea 4' Layup",NA,NA,"5","200826","J.J. Barea","1610612742","Dallas","Mavericks","DAL","0","0",NA,NA,NA,NA,NA,"0","0",NA,NA,NA,NA,NA
"0021500371","383","4","0","3","8:46 PM","0:14","Miles REBOUND (Off:1 Def:5)",NA,NA,NA,NA,"4","101139","CJ Miles","1610612754","Indiana","Pacers","IND","0","0",NA,NA,NA,NA,NA,"0","0",NA,NA,NA,NA,NA
"0021500371","384","2","1","3","8:46 PM","0:01","MISS George 25' 3PT Jump Shot",NA,NA,NA,NA,"4","202331","Paul George","1610612754","Indiana","Pacers","IND","0","0",NA,NA,NA,NA,NA,"0","0",NA,NA,NA,NA,NA
"0021500371","385","4","0","3","8:46 PM","0:01",NA,NA,"Mavericks Rebound",NA,NA,"3","1610612742",NA,NA,NA,NA,NA,"0","0",NA,NA,NA,NA,NA,"0","0",NA,NA,NA,NA,NA
"0021500371","386","2","1","3","8:46 PM","0:00",NA,NA,"MISS Barea 46' 3PT Jump Shot",NA,NA,"5","200826","J.J. Barea","1610612742","Dallas","Mavericks","DAL","0","0",NA,NA,NA,NA,NA,"0","0",NA,NA,NA,NA,NA
"0021500371","388","4","0","3","8:46 PM","0:00",NA,NA,"Mavericks Rebound",NA,NA,"3","1610612742",NA,NA,NA,NA,NA,"0","0",NA,NA,NA,NA,NA,"0","0",NA,NA,NA,NA,NA
"0021500371","387","13","0","3","8:46 PM","0:00",NA,NA,NA,"64 - 75","11","0","0",NA,NA,NA,NA,NA,"0","0",NA,NA,NA,NA,NA,"0","0",NA,NA,NA,NA,NA
"0021500371","390","12","0","4","8:49 PM","12:00",NA,NA,NA,"64 - 75","11","0","0",NA,NA,NA,NA,NA,"0","0",NA,NA,NA,NA,NA,"0","0",NA,NA,NA,NA,NA
"0021500371","391","6","1","4","8:49 PM","11:45","Hill P.FOUL (P2.T1) (T.Washington)",NA,NA,NA,NA,"4","201941","Jordan Hill","1610612754","Indiana","Pacers","IND","5","1717","Dirk Nowitzki","1610612742","Dallas","Mavericks","DAL","1","0",NA,NA,NA,NA,NA
"0021500371","393","2","1","4","8:50 PM","11:37",NA,NA,"MISS Nowitzki 26' 3PT Jump Shot",NA,NA,"5","1717","Dirk Nowitzki","1610612742","Dallas","Mavericks","DAL","0","0",NA,NA,NA,NA,NA,"0","0",NA,NA,NA,NA,NA
"0021500371","394","4","0","4","8:50 PM","11:36","Hill REBOUND (Off:2 Def:2)",NA,NA,NA,NA,"4","201941","Jordan Hill","1610612754","Indiana","Pacers","IND","0","0",NA,NA,NA,NA,NA,"0","0",NA,NA,NA,NA,NA
"0021500371","395","2","79","4","8:50 PM","11:16","MISS Budinger 17' Pullup Jump Shot",NA,NA,NA,NA,"4","201978","Chase Budinger","1610612754","Indiana","Pacers","IND","0","0",NA,NA,NA,NA,NA,"0","0",NA,NA,NA,NA,NA
"0021500371","396","4","0","4","8:50 PM","11:16",NA,NA,"Barea REBOUND (Off:0 Def:3)",NA,NA,"5","200826","J.J. Barea","1610612742","Dallas","Mavericks","DAL","0","0",NA,NA,NA,NA,NA,"0","0",NA,NA,NA,NA,NA
"0021500371","397","2","1","4","8:50 PM","10:58",NA,NA,"MISS Parsons  3PT Jump Shot",NA,NA,"5","202718","Chandler Parsons","1610612742","Dallas","Mavericks","DAL","0","0",NA,NA,NA,NA,NA,"0","0",NA,NA,NA,NA,NA
"0021500371","398","4","0","4","8:50 PM","10:57","Hill REBOUND (Off:2 Def:3)",NA,NA,NA,NA,"4","201941","Jordan Hill","1610612754","Indiana","Pacers","IND","0","0",NA,NA,NA,NA,NA,"0","0",NA,NA,NA,NA,NA
"0021500371","399","6","26","4","8:50 PM","10:52","Budinger Offensive Charge Foul (P2.T2) (T.Washington)",NA,NA,NA,NA,"4","201978","Chase Budinger","1610612754","Indiana","Pacers","IND","5","200826","J.J. Barea","1610612742","Dallas","Mavericks","DAL","1","0",NA,NA,NA,NA,NA
"0021500371","400","5","5","4","8:50 PM","10:52","Budinger Foul Turnover (P1.T7)",NA,NA,NA,NA,"4","201978","Chase Budinger","1610612754","Indiana","Pacers","IND","0","0",NA,NA,NA,NA,NA,"1","0",NA,NA,NA,NA,NA
"0021500371","401","2","1","4","8:51 PM","10:41",NA,NA,"MISS Nowitzki 25' 3PT Jump Shot",NA,NA,"5","1717","Dirk Nowitzki","1610612742","Dallas","Mavericks","DAL","0","0",NA,NA,NA,NA,NA,"0","0",NA,NA,NA,NA,NA
"0021500371","402","4","0","4","8:51 PM","10:40","Budinger REBOUND (Off:0 Def:2)",NA,NA,NA,NA,"4","201978","Chase Budinger","1610612754","Indiana","Pacers","IND","0","0",NA,NA,NA,NA,NA,"0","0",NA,NA,NA,NA,NA
"0021500371","403","2","46","4","8:51 PM","10:24","MISS Budinger 2' Running Jump Shot",NA,NA,NA,NA,"4","201978","Chase Budinger","1610612754","Indiana","Pacers","IND","0","0",NA,NA,NA,NA,NA,"0","0",NA,NA,NA,NA,NA
"0021500371","404","4","0","4","8:51 PM","10:24",NA,NA,"Nowitzki REBOUND (Off:0 Def:7)",NA,NA,"5","1717","Dirk Nowitzki","1610612742","Dallas","Mavericks","DAL","0","0",NA,NA,NA,NA,NA,"0","0",NA,NA,NA,NA,NA
"0021500371","405","1","1","4","8:51 PM","10:14",NA,NA,"Nowitzki 25' 3PT Jump Shot (13 PTS) (Felton 2 AST)","67 - 75","8","5","1717","Dirk Nowitzki","1610612742","Dallas","Mavericks","DAL","5","101109","Raymond Felton","1610612742","Dallas","Mavericks","DAL","0","0",NA,NA,NA,NA,NA
"0021500371","406","1","79","4","8:52 PM","9:50","Stuckey 26' 3PT Pullup Jump Shot (8 PTS)",NA,NA,"67 - 78","11","4","201155","Rodney Stuckey","1610612754","Indiana","Pacers","IND","0","0",NA,NA,NA,NA,NA,"0","0",NA,NA,NA,NA,NA
"0021500371","407","1","75","4","8:52 PM","9:39",NA,NA,"Barea 1' Driving Finger Roll Layup (6 PTS)","69 - 78","9","5","200826","J.J. Barea","1610612742","Dallas","Mavericks","DAL","0","0",NA,NA,NA,NA,NA,"0","0",NA,NA,NA,NA,NA
"0021500371","408","1","79","4","8:52 PM","9:24","Miles 27' 3PT Pullup Jump Shot (17 PTS) (Hill 1 AST)",NA,NA,"69 - 81","12","4","101139","CJ Miles","1610612754","Indiana","Pacers","IND","4","201941","Jordan Hill","1610612754","Indiana","Pacers","IND","0","0",NA,NA,NA,NA,NA
"0021500371","409","1","79","4","8:52 PM","9:07",NA,NA,"Matthews 12' Pullup Jump Shot (4 PTS)","71 - 81","10","5","202083","Wesley Matthews","1610612742","Dallas","Mavericks","DAL","0","0",NA,NA,NA,NA,NA,"0","0",NA,NA,NA,NA,NA
"0021500371","410","1","42","4","8:53 PM","8:57","Stuckey 1' Driving Layup (10 PTS)",NA,NA,"71 - 83","12","4","201155","Rodney Stuckey","1610612754","Indiana","Pacers","IND","0","0",NA,NA,NA,NA,NA,"0","0",NA,NA,NA,NA,NA
"0021500371","411","2","1","4","8:53 PM","8:38",NA,NA,"MISS Nowitzki 25' 3PT Jump Shot",NA,NA,"5","1717","Dirk Nowitzki","1610612742","Dallas","Mavericks","DAL","0","0",NA,NA,NA,NA,NA,"0","0",NA,NA,NA,NA,NA
"0021500371","412","4","0","4","8:53 PM","8:38","Budinger REBOUND (Off:0 Def:3)",NA,NA,NA,NA,"4","201978","Chase Budinger","1610612754","Indiana","Pacers","IND","0","0",NA,NA,NA,NA,NA,"0","0",NA,NA,NA,NA,NA
"0021500371","413","1","1","4","8:53 PM","8:30","Hill 17' Jump Shot (4 PTS) (Stuckey 5 AST)",NA,NA,"71 - 85","14","4","201941","Jordan Hill","1610612754","Indiana","Pacers","IND","4","201155","Rodney Stuckey","1610612754","Indiana","Pacers","IND","0","0",NA,NA,NA,NA,NA
"0021500371","414","9","1","4","8:53 PM","8:29",NA,NA,"Mavericks Timeout: Regular (Reg.4 Short 2)",NA,NA,"3","1610612742",NA,NA,NA,NA,NA,"0","0",NA,NA,NA,NA,NA,"0","0",NA,NA,NA,NA,NA
"0021500371","416","8","0","4","8:55 PM","8:29",NA,NA,"SUB: Powell FOR Nowitzki",NA,NA,"5","1717","Dirk Nowitzki","1610612742","Dallas","Mavericks","DAL","5","203939","Dwight Powell","1610612742","Dallas","Mavericks","DAL","0","0",NA,NA,NA,NA,NA
"0021500371","417","2","80","4","8:56 PM","8:17",NA,NA,"MISS Matthews 18' Step Back Jump Shot",NA,NA,"5","202083","Wesley Matthews","1610612742","Dallas","Mavericks","DAL","0","0",NA,NA,NA,NA,NA,"0","0",NA,NA,NA,NA,NA
"0021500371","418","4","0","4","8:56 PM","8:17","Stuckey REBOUND (Off:0 Def:2)",NA,NA,NA,NA,"4","201155","Rodney Stuckey","1610612754","Indiana","Pacers","IND","0","0",NA,NA,NA,NA,NA,"0","0",NA,NA,NA,NA,NA
"0021500371","419","6","27","4","8:56 PM","8:14",NA,NA,"Matthews Personal Block Foul (P3.T1) (T.Washington)",NA,NA,"5","202083","Wesley Matthews","1610612742","Dallas","Mavericks","DAL","4","201155","Rodney Stuckey","1610612754","Indiana","Pacers","IND","1","0",NA,NA,NA,NA,NA
"0021500371","420","1","1","4","8:57 PM","8:06","Miles 27' 3PT Jump Shot (20 PTS) (G. Hill 2 AST)",NA,NA,"71 - 88","17","4","101139","CJ Miles","1610612754","Indiana","Pacers","IND","4","201588","George Hill","1610612754","Indiana","Pacers","IND","0","0",NA,NA,NA,NA,NA
"0021500371","421","1","79","4","8:57 PM","7:43",NA,NA,"Felton 20' Pullup Jump Shot (16 PTS)","73 - 88","15","5","101109","Raymond Felton","1610612742","Dallas","Mavericks","DAL","0","0",NA,NA,NA,NA,NA,"0","0",NA,NA,NA,NA,NA
"0021500371","422","2","1","4","8:57 PM","7:33","MISS Miles 27' 3PT Jump Shot",NA,NA,NA,NA,"4","101139","CJ Miles","1610612754","Indiana","Pacers","IND","0","0",NA,NA,NA,NA,NA,"0","0",NA,NA,NA,NA,NA
"0021500371","423","4","0","4","8:58 PM","7:32",NA,NA,"Mavericks Rebound",NA,NA,"3","1610612742",NA,NA,NA,NA,NA,"0","0",NA,NA,NA,NA,NA,"0","0",NA,NA,NA,NA,NA
"0021500371","424","6","3","4","8:58 PM","7:32","Hill L.B.FOUL (P3.T3) (S.Wall)",NA,NA,NA,NA,"4","201941","Jordan Hill","1610612754","Indiana","Pacers","IND","5","203939","Dwight Powell","1610612742","Dallas","Mavericks","DAL","1","0",NA,NA,NA,NA,NA
"0021500371","425","8","0","4","8:58 PM","7:32","SUB: George FOR Budinger",NA,NA,NA,NA,"4","201978","Chase Budinger","1610612754","Indiana","Pacers","IND","4","202331","Paul George","1610612754","Indiana","Pacers","IND","0","0",NA,NA,NA,NA,NA
"0021500371","426","1","1","4","8:58 PM","7:12",NA,NA,"Powell 13' Jump Shot (2 PTS) (Barea 3 AST)","75 - 88","13","5","203939","Dwight Powell","1610612742","Dallas","Mavericks","DAL","5","200826","J.J. Barea","1610612742","Dallas","Mavericks","DAL","0","0",NA,NA,NA,NA,NA
"0021500371","427","2","1","4","8:59 PM","6:51","MISS Miles 24' 3PT Jump Shot",NA,NA,NA,NA,"4","101139","CJ Miles","1610612754","Indiana","Pacers","IND","0","0",NA,NA,NA,NA,NA,"0","0",NA,NA,NA,NA,NA
"0021500371","428","4","0","4","8:59 PM","6:51",NA,NA,"Parsons REBOUND (Off:1 Def:3)",NA,NA,"5","202718","Chandler Parsons","1610612742","Dallas","Mavericks","DAL","0","0",NA,NA,NA,NA,NA,"0","0",NA,NA,NA,NA,NA
"0021500371","429","2","1","4","8:59 PM","6:42",NA,NA,"MISS Felton 25' 3PT Jump Shot",NA,NA,"5","101109","Raymond Felton","1610612742","Dallas","Mavericks","DAL","0","0",NA,NA,NA,NA,NA,"0","0",NA,NA,NA,NA,NA
"0021500371","430","4","0","4","8:59 PM","6:41","Miles REBOUND (Off:1 Def:6)",NA,NA,NA,NA,"4","101139","CJ Miles","1610612754","Indiana","Pacers","IND","0","0",NA,NA,NA,NA,NA,"0","0",NA,NA,NA,NA,NA
"0021500371","431","1","5","4","8:59 PM","6:34","Stuckey 2' Layup (12 PTS) (G. Hill 3 AST)",NA,NA,"75 - 90","15","4","201155","Rodney Stuckey","1610612754","Indiana","Pacers","IND","4","201588","George Hill","1610612754","Indiana","Pacers","IND","0","0",NA,NA,NA,NA,NA
"0021500371","432","6","1","4","8:59 PM","6:15","Stuckey P.FOUL (P3.T4) (B.Taylor)",NA,NA,NA,NA,"4","201155","Rodney Stuckey","1610612754","Indiana","Pacers","IND","5","203939","Dwight Powell","1610612742","Dallas","Mavericks","DAL","1","0",NA,NA,NA,NA,NA
"0021500371","433","8","0","4","8:59 PM","6:15","SUB: Ellis FOR G. Hill",NA,NA,NA,NA,"4","201588","George Hill","1610612754","Indiana","Pacers","IND","4","101145","Monta Ellis","1610612754","Indiana","Pacers","IND","0","0",NA,NA,NA,NA,NA
"0021500371","434","2","1","4","9:00 PM","6:07",NA,NA,"MISS Matthews 26' 3PT Jump Shot",NA,NA,"5","202083","Wesley Matthews","1610612742","Dallas","Mavericks","DAL","0","0",NA,NA,NA,NA,NA,"0","0",NA,NA,NA,NA,NA
"0021500371","435","4","0","4","9:00 PM","6:07","Hill REBOUND (Off:2 Def:4)",NA,NA,NA,NA,"4","201941","Jordan Hill","1610612754","Indiana","Pacers","IND","0","0",NA,NA,NA,NA,NA,"0","0",NA,NA,NA,NA,NA
"0021500371","436","1","1","4","9:00 PM","5:55","Ellis 25' 3PT Jump Shot (16 PTS) (Hill 2 AST)",NA,NA,"75 - 93","18","4","101145","Monta Ellis","1610612754","Indiana","Pacers","IND","4","201941","Jordan Hill","1610612754","Indiana","Pacers","IND","0","0",NA,NA,NA,NA,NA
"0021500371","437","9","1","4","9:00 PM","5:44",NA,NA,"Mavericks Timeout: Regular (Reg.5 Short 2)",NA,NA,"3","1610612742",NA,NA,NA,NA,NA,"0","0",NA,NA,NA,NA,NA,"0","0",NA,NA,NA,NA,NA
"0021500371","439","8","0","4","9:03 PM","5:44",NA,NA,"SUB: Anderson FOR Matthews",NA,NA,"5","202083","Wesley Matthews","1610612742","Dallas","Mavericks","DAL","5","1626147","Justin Anderson","1610612742","Dallas","Mavericks","DAL","0","0",NA,NA,NA,NA,NA
"0021500371","440","8","0","4","9:03 PM","5:44",NA,NA,"SUB: Evans FOR Felton",NA,NA,"5","101109","Raymond Felton","1610612742","Dallas","Mavericks","DAL","5","202379","Jeremy Evans","1610612742","Dallas","Mavericks","DAL","0","0",NA,NA,NA,NA,NA
"0021500371","441","8","0","4","9:03 PM","5:44",NA,NA,"SUB: McGee FOR Powell",NA,NA,"5","203939","Dwight Powell","1610612742","Dallas","Mavericks","DAL","5","201580","JaVale McGee","1610612742","Dallas","Mavericks","DAL","0","0",NA,NA,NA,NA,NA
"0021500371","442","8","0","4","9:03 PM","5:44",NA,NA,"SUB: Villanueva FOR Parsons",NA,NA,"5","202718","Chandler Parsons","1610612742","Dallas","Mavericks","DAL","5","101111","Charlie Villanueva","1610612742","Dallas","Mavericks","DAL","0","0",NA,NA,NA,NA,NA
"0021500371","443","2","63","4","9:03 PM","5:22",NA,NA,"MISS Barea 11' Fadeaway Jumper",NA,NA,"5","200826","J.J. Barea","1610612742","Dallas","Mavericks","DAL","0","0",NA,NA,NA,NA,NA,"0","0",NA,NA,NA,NA,NA
"0021500371","444","4","0","4","9:03 PM","5:22","George REBOUND (Off:0 Def:7)",NA,NA,NA,NA,"4","202331","Paul George","1610612754","Indiana","Pacers","IND","0","0",NA,NA,NA,NA,NA,"0","0",NA,NA,NA,NA,NA
"0021500371","445","6","1","4","9:04 PM","5:07",NA,NA,"Barea P.FOUL (P2.T2) (B.Taylor)",NA,NA,"5","200826","J.J. Barea","1610612742","Dallas","Mavericks","DAL","4","101145","Monta Ellis","1610612754","Indiana","Pacers","IND","1","0",NA,NA,NA,NA,NA
"0021500371","446","2","79","4","9:04 PM","4:56","MISS George 26' 3PT Pullup Jump Shot",NA,NA,NA,NA,"4","202331","Paul George","1610612754","Indiana","Pacers","IND","0","0",NA,NA,NA,NA,NA,"0","0",NA,NA,NA,NA,NA
"0021500371","447","4","0","4","9:04 PM","4:54",NA,NA,"Villanueva REBOUND (Off:1 Def:2)",NA,NA,"5","101111","Charlie Villanueva","1610612742","Dallas","Mavericks","DAL","0","0",NA,NA,NA,NA,NA,"0","0",NA,NA,NA,NA,NA
"0021500371","448","2","79","4","9:04 PM","4:49",NA,NA,"MISS Anderson  3PT Pullup Jump Shot",NA,NA,"5","1626147","Justin Anderson","1610612742","Dallas","Mavericks","DAL","0","0",NA,NA,NA,NA,NA,"0","0",NA,NA,NA,NA,NA
"0021500371","449","4","0","4","9:04 PM","4:47","Stuckey REBOUND (Off:0 Def:3)",NA,NA,NA,NA,"4","201155","Rodney Stuckey","1610612754","Indiana","Pacers","IND","0","0",NA,NA,NA,NA,NA,"0","0",NA,NA,NA,NA,NA
"0021500371","450","1","66","4","9:04 PM","4:35","Hill 9' Jump Bank Shot (6 PTS) (Stuckey 6 AST)",NA,NA,"75 - 95","20","4","201941","Jordan Hill","1610612754","Indiana","Pacers","IND","4","201155","Rodney Stuckey","1610612754","Indiana","Pacers","IND","0","0",NA,NA,NA,NA,NA
"0021500371","451","1","98","4","9:05 PM","4:15",NA,NA,"Villanueva 2' Cutting Layup Shot (9 PTS) (Barea 4 AST)","77 - 95","18","5","101111","Charlie Villanueva","1610612742","Dallas","Mavericks","DAL","5","200826","J.J. Barea","1610612742","Dallas","Mavericks","DAL","0","0",NA,NA,NA,NA,NA
"0021500371","452","1","1","4","9:05 PM","3:51","Ellis 24' 3PT Jump Shot (19 PTS) (Stuckey 7 AST)",NA,NA,"77 - 98","21","4","101145","Monta Ellis","1610612754","Indiana","Pacers","IND","4","201155","Rodney Stuckey","1610612754","Indiana","Pacers","IND","0","0",NA,NA,NA,NA,NA
"0021500371","453","5","11","4","9:06 PM","3:26",NA,NA,"Mavericks Turnover: Shot Clock (T#12)",NA,NA,"3","1610612742",NA,NA,NA,NA,NA,"0","0",NA,NA,NA,NA,NA,"1","0",NA,NA,NA,NA,NA
"0021500371","454","8","0","4","9:06 PM","3:26","SUB: Robinson III FOR George",NA,NA,NA,NA,"4","202331","Paul George","1610612754","Indiana","Pacers","IND","4","203922","Glenn Robinson","1610612754","Indiana","Pacers","IND","0","0",NA,NA,NA,NA,NA
"0021500371","455","2","1","4","9:06 PM","3:14","MISS Stuckey 19' Jump Shot",NA,NA,NA,NA,"4","201155","Rodney Stuckey","1610612754","Indiana","Pacers","IND","0","0",NA,NA,NA,NA,NA,"0","0",NA,NA,NA,NA,NA
"0021500371","456","4","0","4","9:06 PM","3:13",NA,NA,"McGee REBOUND (Off:1 Def:4)",NA,NA,"5","201580","JaVale McGee","1610612742","Dallas","Mavericks","DAL","0","0",NA,NA,NA,NA,NA,"0","0",NA,NA,NA,NA,NA
"0021500371","457","6","28","4","9:06 PM","3:10","Ellis Personal Take Foul (P2.PN) (B.Taylor)",NA,NA,NA,NA,"4","101145","Monta Ellis","1610612754","Indiana","Pacers","IND","5","200826","J.J. Barea","1610612742","Dallas","Mavericks","DAL","1","0",NA,NA,NA,NA,NA
"0021500371","458","8","0","4","9:06 PM","3:10","SUB: Young FOR Ellis",NA,NA,NA,NA,"4","101145","Monta Ellis","1610612754","Indiana","Pacers","IND","4","1626202","Joe Young","1610612754","Indiana","Pacers","IND","0","0",NA,NA,NA,NA,NA
"0021500371","459","8","0","4","9:06 PM","3:10","SUB: Budinger FOR Stuckey",NA,NA,NA,NA,"4","201155","Rodney Stuckey","1610612754","Indiana","Pacers","IND","4","201978","Chase Budinger","1610612754","Indiana","Pacers","IND","0","0",NA,NA,NA,NA,NA
"0021500371","460","9","1","4","9:07 PM","3:10",NA,NA,"Mavericks Timeout: Regular (Reg.6 Short 2)",NA,NA,"3","1610612742",NA,NA,NA,NA,NA,"0","0",NA,NA,NA,NA,NA,"0","0",NA,NA,NA,NA,NA
"0021500371","462","8","0","4","9:07 PM","3:10","SUB: Allen FOR Hill",NA,NA,NA,NA,"4","201941","Jordan Hill","1610612754","Indiana","Pacers","IND","4","202730","Lavoy Allen","1610612754","Indiana","Pacers","IND","0","0",NA,NA,NA,NA,NA
"0021500371","463","8","0","4","9:07 PM","3:10","SUB: S. Hill FOR Miles",NA,NA,NA,NA,"4","101139","CJ Miles","1610612754","Indiana","Pacers","IND","4","203524","Solomon Hill","1610612754","Indiana","Pacers","IND","0","0",NA,NA,NA,NA,NA
"0021500371","465","2","1","4","9:09 PM","3:01",NA,NA,"MISS Anderson 25' 3PT Jump Shot",NA,NA,"5","1626147","Justin Anderson","1610612742","Dallas","Mavericks","DAL","0","0",NA,NA,NA,NA,NA,"0","0",NA,NA,NA,NA,NA
"0021500371","466","4","0","4","9:09 PM","3:00",NA,NA,"McGee REBOUND (Off:2 Def:4)",NA,NA,"5","201580","JaVale McGee","1610612742","Dallas","Mavericks","DAL","0","0",NA,NA,NA,NA,NA,"0","0",NA,NA,NA,NA,NA
"0021500371","467","2","1","4","9:09 PM","2:57",NA,NA,"MISS Villanueva 26' 3PT Jump Shot",NA,NA,"5","101111","Charlie Villanueva","1610612742","Dallas","Mavericks","DAL","0","0",NA,NA,NA,NA,NA,"0","0",NA,NA,NA,NA,NA
"0021500371","468","4","0","4","9:09 PM","2:56","Young REBOUND (Off:0 Def:1)",NA,NA,NA,NA,"4","1626202","Joe Young","1610612754","Indiana","Pacers","IND","0","0",NA,NA,NA,NA,NA,"0","0",NA,NA,NA,NA,NA
"0021500371","469","5","13","4","9:09 PM","2:44","Budinger Backcourt Turnover (P2.T8)",NA,NA,NA,NA,"4","201978","Chase Budinger","1610612754","Indiana","Pacers","IND","0","0",NA,NA,NA,NA,NA,"1","0",NA,NA,NA,NA,NA
"0021500371","470","2","79","4","9:10 PM","2:35",NA,NA,"MISS Anderson 18' Pullup Jump Shot",NA,NA,"5","1626147","Justin Anderson","1610612742","Dallas","Mavericks","DAL","0","0",NA,NA,NA,NA,NA,"0","0",NA,NA,NA,NA,NA
"0021500371","471","4","0","4","9:10 PM","2:35","Budinger REBOUND (Off:0 Def:4)",NA,NA,NA,NA,"4","201978","Chase Budinger","1610612754","Indiana","Pacers","IND","0","0",NA,NA,NA,NA,NA,"0","0",NA,NA,NA,NA,NA
"0021500371","472","1","79","4","9:10 PM","2:25","Young 21' Pullup Jump Shot (2 PTS) (S. Hill 1 AST)",NA,NA,"77 - 100","23","4","1626202","Joe Young","1610612754","Indiana","Pacers","IND","4","203524","Solomon Hill","1610612754","Indiana","Pacers","IND","0","0",NA,NA,NA,NA,NA
"0021500371","473","2","44","4","9:10 PM","2:11",NA,NA,"MISS Villanueva  Reverse Layup",NA,NA,"5","101111","Charlie Villanueva","1610612742","Dallas","Mavericks","DAL","0","0",NA,NA,NA,NA,NA,"0","0",NA,NA,NA,NA,NA
"0021500371","475","4","0","4","9:10 PM","2:09",NA,NA,"McGee REBOUND (Off:3 Def:4)",NA,NA,"5","201580","JaVale McGee","1610612742","Dallas","Mavericks","DAL","0","0",NA,NA,NA,NA,NA,"0","0",NA,NA,NA,NA,NA
"0021500371","474","1","87","4","9:10 PM","2:09",NA,NA,"McGee  Putback Dunk (4 PTS)","79 - 100","21","5","201580","JaVale McGee","1610612742","Dallas","Mavericks","DAL","0","0",NA,NA,NA,NA,NA,"0","0",NA,NA,NA,NA,NA
"0021500371","476","1","79","4","9:10 PM","1:55","Robinson III 15' Pullup Jump Shot (2 PTS)",NA,NA,"79 - 102","23","4","203922","Glenn Robinson","1610612754","Indiana","Pacers","IND","0","0",NA,NA,NA,NA,NA,"0","0",NA,NA,NA,NA,NA
"0021500371","477","1","98","4","9:11 PM","1:43",NA,NA,"Barea 2' Cutting Layup Shot (8 PTS) (McGee 1 AST)","81 - 102","21","5","200826","J.J. Barea","1610612742","Dallas","Mavericks","DAL","5","201580","JaVale McGee","1610612742","Dallas","Mavericks","DAL","0","0",NA,NA,NA,NA,NA
"0021500371","478","1","1","4","9:11 PM","1:28","Young 25' 3PT Jump Shot (5 PTS) (S. Hill 2 AST)",NA,NA,"81 - 105","24","4","1626202","Joe Young","1610612754","Indiana","Pacers","IND","4","203524","Solomon Hill","1610612754","Indiana","Pacers","IND","0","0",NA,NA,NA,NA,NA
"0021500371","479","2","1","4","9:11 PM","1:15",NA,NA,"MISS Barea 26' 3PT Jump Shot",NA,NA,"5","200826","J.J. Barea","1610612742","Dallas","Mavericks","DAL","0","0",NA,NA,NA,NA,NA,"0","0",NA,NA,NA,NA,NA
"0021500371","480","4","0","4","9:11 PM","1:14","Budinger REBOUND (Off:0 Def:5)",NA,NA,NA,NA,"4","201978","Chase Budinger","1610612754","Indiana","Pacers","IND","0","0",NA,NA,NA,NA,NA,"0","0",NA,NA,NA,NA,NA
"0021500371","481","2","1","4","9:12 PM","0:56","MISS Budinger 24' 3PT Jump Shot",NA,NA,NA,NA,"4","201978","Chase Budinger","1610612754","Indiana","Pacers","IND","0","0",NA,NA,NA,NA,NA,"0","0",NA,NA,NA,NA,NA
"0021500371","483","4","0","4","9:12 PM","0:55","Robinson III REBOUND (Off:1 Def:0)",NA,NA,NA,NA,"4","203922","Glenn Robinson","1610612754","Indiana","Pacers","IND","0","0",NA,NA,NA,NA,NA,"0","0",NA,NA,NA,NA,NA
"0021500371","482","2","97","4","9:12 PM","0:55","MISS Robinson III 1' Tip Layup Shot",NA,NA,NA,NA,"4","203922","Glenn Robinson","1610612754","Indiana","Pacers","IND","0","0",NA,NA,NA,NA,NA,"0","0",NA,NA,NA,NA,NA
"0021500371","484","4","0","4","9:12 PM","0:54",NA,NA,"Villanueva REBOUND (Off:1 Def:3)",NA,NA,"5","101111","Charlie Villanueva","1610612742","Dallas","Mavericks","DAL","0","0",NA,NA,NA,NA,NA,"0","0",NA,NA,NA,NA,NA
"0021500371","485","2","5","4","9:12 PM","0:42",NA,NA,"MISS Anderson 2' Layup",NA,NA,"5","1626147","Justin Anderson","1610612742","Dallas","Mavericks","DAL","0","0",NA,NA,NA,NA,NA,"0","0",NA,NA,NA,NA,NA
"0021500371","486","4","0","4","9:12 PM","0:39","PACERS Rebound",NA,NA,NA,NA,"2","1610612754",NA,NA,NA,NA,NA,"0","0",NA,NA,NA,NA,NA,"0","0",NA,NA,NA,NA,NA
"0021500371","487","1","3","4","9:12 PM","0:27","Allen 3' Hook Shot (8 PTS) (Robinson III 1 AST)",NA,NA,"81 - 107","26","4","202730","Lavoy Allen","1610612754","Indiana","Pacers","IND","4","203922","Glenn Robinson","1610612754","Indiana","Pacers","IND","0","0",NA,NA,NA,NA,NA
"0021500371","488","2","1","4","9:13 PM","0:14",NA,NA,"MISS Anderson 26' 3PT Jump Shot",NA,NA,"5","1626147","Justin Anderson","1610612742","Dallas","Mavericks","DAL","0","0",NA,NA,NA,NA,NA,"0","0",NA,NA,NA,NA,NA
"0021500371","489","4","0","4","9:13 PM","0:13","Young REBOUND (Off:0 Def:2)",NA,NA,NA,NA,"4","1626202","Joe Young","1610612754","Indiana","Pacers","IND","0","0",NA,NA,NA,NA,NA,"0","0",NA,NA,NA,NA,NA
"0021500371","490","13","0","4","9:13 PM","0:00",NA,NA,NA,"81 - 107","26","0","0",NA,NA,NA,NA,NA,"0","0",NA,NA,NA,NA,NA,"0","0",NA,NA,NA,NA,NA
